2 0.7828125 0.06484375 0.12734375 0.03828125
2 0.91484375 0.45703125 0.0796875 0.22578125
2 0.91953125 0.709375 0.0796875 0.2359375
2 0.2765625 0.31875 0.134375 0.0359375
0 0.73203125 0.8765625 0.34375 0.11328125
0 0.73203125 0.7046875 0.37734375 0.3125
0 0.73046875 0.453125 0.375 0.2953125
0 0.3140625 0.453125 0.25703125 0.25234375
0 0.290625 0.7015625 0.21171875 0.25
0 0.3546875 0.7671875 0.06953125 0.115625
0 0.2796875 0.18984375 0.2046875 0.2640625
0 0.64921875 0.45078125 0.64921875 0.834375
1 0.3703125 0.26171875 0.14453125 0.0765625
1 0.58984375 0.546875 0.0796875 0.06484375
1 0.42890625 0.61328125 0.06953125 0.053125
1 0.4234375 0.765625 0.071875 0.05546875
1 0.46484375 0.83203125 0.13671875 0.1296875
1 0.5875 0.7859375 0.07421875 0.0625
1 0.7078125 0.81015625 0.07421875 0.0625