2 0.7765625 0.05546875 0.1296875 0.03359375
2 0.91015625 0.4546875 0.084375 0.22578125
2 0.91484375 0.7125 0.0890625 0.2328125
2 0.259375 0.31484375 0.134375 0.02890625
0 0.7234375 0.88359375 0.35078125 0.1515625
0 0.7234375 0.7078125 0.3796875 0.31015625
0 0.72265625 0.4515625 0.36328125 0.26953125
0 0.296875 0.4515625 0.2859375 0.27890625
0 0.27421875 0.70546875 0.21640625 0.25234375
0 0.3390625 0.771875 0.0765625 0.115625
0 0.26328125 0.18125 0.2234375 0.2765625
0 0.6390625 0.44921875 0.6734375 0.85546875
1 0.3546875 0.25625 0.146875 0.06953125
1 0.5796875 0.546875 0.071875 0.05546875
1 0.415625 0.6140625 0.071875 0.06015625
1 0.40859375 0.7703125 0.071875 0.05546875
1 0.4515625 0.8375 0.14453125 0.1421875
1 0.5765625 0.790625 0.0765625 0.0625
1 0.69921875 0.81640625 0.071875 0.06015625