0 0.5484375 0.14296875 0.26953125 0.1609375
2 0.353125 0.2125 0.1203125 0.0265625
2 0.63125 0.21015625 0.09375 0.01171875
2 0.38828125 0.76171875 0.11796875 0.03828125
2 0.7984375 0.59609375 0.02421875 0.03828125
0 0.7015625 0.82578125 0.1875 0.13203125
0 0.728125 0.71015625 0.1390625 0.103125
0 0.72265625 0.5828125 0.1515625 0.1703125
0 0.36640625 0.6296875 0.2328125 0.25
0 0.7234375 0.4703125 0.1296875 0.06015625
0 0.521875 0.453125 0.58203125 0.53125
1 0.49140625 0.2078125 0.09375 0.12734375
1 0.61875 0.4671875 0.084375 0.06484375
1 0.46640625 0.57109375 0.0765625 0.05078125
1 0.62890625 0.56640625 0.0796875 0.05546875
1 0.6890625 0.65234375 0.06953125 0.06015625
1 0.54453125 0.7140625 0.06953125 0.0625
1 0.54296875 0.78359375 0.071875 0.053125
1 0.58203125 0.84609375 0.0765625 0.053125