0 0.55546875 0.15625 0.26953125 0.16328125
2 0.3609375 0.22578125 0.1203125 0.03359375
2 0.63671875 0.2234375 0.09609375 0.0140625
2 0.39453125 0.775 0.1203125 0.0171875
2 0.80546875 0.609375 0.02421875 0.040625
0 0.709375 0.8390625 0.1921875 0.14921875
0 0.7328125 0.7234375 0.1296875 0.08671875
0 0.7296875 0.59609375 0.15625 0.1734375
0 0.3734375 0.64453125 0.26171875 0.27890625
0 0.73046875 0.4828125 0.1296875 0.071875
0 0.52734375 0.46640625 0.56484375 0.509375
1 0.4984375 0.22109375 0.09375 0.125
1 0.625 0.48046875 0.08671875 0.0671875
1 0.4734375 0.584375 0.08203125 0.0625
1 0.6359375 0.5796875 0.0796875 0.0625
1 0.69453125 0.665625 0.071875 0.0625
1 0.55078125 0.72734375 0.0765625 0.06953125
1 0.54921875 0.796875 0.07421875 0.05546875
1 0.5890625 0.8578125 0.0765625 0.0484375