0 0.55625 0.146875 0.25703125 0.1203125
2 0.36171875 0.2171875 0.12265625 0.00703125
2 0.6390625 0.21484375 0.09140625 0.03125
2 0.3953125 0.76953125 0.12265625 0.02890625
2 0.8078125 0.603125 0.01953125 0.03828125
0 0.71171875 0.8328125 0.1921875 0.13671875
0 0.73671875 0.71875 0.13671875 0.09140625
0 0.73203125 0.5890625 0.1609375 0.1734375
0 0.375 0.63671875 0.26953125 0.28828125
0 0.7328125 0.47578125 0.1296875 0.0671875
0 0.5296875 0.459375 0.59375 0.54296875
1 0.5 0.2125 0.1109375 0.13671875
1 0.62734375 0.4734375 0.08671875 0.071875
1 0.475 0.578125 0.084375 0.06484375
1 0.63828125 0.571875 0.0796875 0.0578125
1 0.6984375 0.66015625 0.06953125 0.06015625
1 0.553125 0.72109375 0.08203125 0.071875
1 0.5515625 0.7921875 0.0796875 0.06484375
1 0.58984375 0.853125 0.07421875 0.0484375