0 0.49375 0.1046875 0.6515625 0.0984375
0 0.7171875 0.2328125 0.2234375 0.1921875
2 0.8234375 0.17890625 0.0171875 0.021875
2 0.8234375 0.234375 0.021875 0.05546875
2 0.82421875 0.28359375 0.0140625 0.01953125
2 0.1671875 0.1921875 0.01171875 0.01953125
2 0.16484375 0.27421875 0.01171875 0.01953125
2 0.4484375 0.06484375 0.021875 0.0140625
2 0.4640625 0.80859375 0.0671875 0.01171875
2 0.26953125 0.80859375 0.0484375 0.01171875
2 0.2640625 0.47578125 0.0671875 0.02421875
2 0.46015625 0.475 0.1078125 0.03125
2 0.72578125 0.4734375 0.0671875 0.0140625
2 0.6 0.80859375 0.021875 0.0171875
2 0.75390625 0.80859375 0.06484375 0.0171875
2 0.16484375 0.60078125 0.01171875 0.01953125
2 0.16484375 0.68125 0.0171875 0.0265625
0 0.6078125 0.51953125 0.071875 0.0765625
0 0.6078125 0.59375 0.0671875 0.0671875
0 0.73203125 0.553125 0.17578125 0.14453125
0 0.75390625 0.71484375 0.13671875 0.18046875
0 0.21171875 0.678125 0.0765625 0.09609375
0 0.259375 0.75390625 0.1828125 0.11796875
0 0.3015625 0.66484375 0.09375 0.084375
0 0.37109375 0.6421875 0.44453125 0.3890625
0 0.6296875 0.853125 0.1390625 0.08671875
0 0.6296875 0.71484375 0.14921875 0.18515625
0 0.11796875 0.6765625 0.09609375 0.2328125
1 0.14921875 0.7546875 0.0578125 0.0484375
1 0.228125 0.74765625 0.04296875 0.04296875
1 0.3328125 0.75234375 0.0453125 0.03828125
1 0.66015625 0.8265625 0.0453125 0.053125
1 0.6609375 0.76796875 0.04296875 0.0453125
1 0.7078125 0.709375 0.040625 0.03359375
1 0.61796875 0.6453125 0.03828125 0.040625
1 0.66796875 0.61171875 0.04296875 0.040625
1 0.23828125 0.68515625 0.03828125 0.03359375
0 0.27265625 0.234375 0.2046875 0.17578125
0 0.11640625 0.2328125 0.1078125 0.16328125
0 0.36796875 0.3578125 0.3890625 0.10546875
0 0.71875 0.359375 0.1875 0.07421875
0 0.49375 0.27265625 0.25703125 0.25703125
1 0.14765625 0.2359375 0.05546875 0.04296875
1 0.3578125 0.2359375 0.0484375 0.04296875
1 0.54453125 0.22578125 0.0453125 0.0484375
1 0.63671875 0.2046875 0.04296875 0.03828125