0 0.478125 0.0984375 0.678125 0.14921875
0 0.7125 0.23046875 0.21875 0.1828125
2 0.821875 0.17578125 0.0140625 0.02421875
2 0.8234375 0.2328125 0.0265625 0.0578125
2 0.8234375 0.28515625 0.01171875 0.021875
2 0.13828125 0.18984375 0.0171875 0.01953125
2 0.134375 0.27421875 0.0140625 0.02421875
2 0.43046875 0.05625 0.02421875 0.0171875
2 0.446875 0.8328125 0.071875 0.0171875
2 0.24375 0.8328125 0.05078125 0.021875
2 0.2390625 0.4859375 0.06953125 0.0140625
2 0.44453125 0.4828125 0.115625 0.02421875
2 0.72109375 0.4828125 0.0671875 0.01953125
2 0.5890625 0.8328125 0.02421875 0.0171875
2 0.75 0.8328125 0.0671875 0.01171875
2 0.1359375 0.615625 0.01171875 0.01953125
2 0.134375 0.70078125 0.01953125 0.0265625
0 0.59765625 0.5296875 0.084375 0.0890625
0 0.59765625 0.6078125 0.06953125 0.0625
0 0.72734375 0.56640625 0.19921875 0.17578125
0 0.75 0.734375 0.15859375 0.19921875
0 0.18359375 0.69609375 0.0890625 0.103125
0 0.2359375 0.775 0.1921875 0.13203125
0 0.27890625 0.6828125 0.09140625 0.0765625
0 0.35078125 0.65859375 0.41796875 0.33671875
0 0.61875 0.8796875 0.146875 0.09609375
0 0.6203125 0.734375 0.125 0.18046875
0 0.08671875 0.69453125 0.115625 0.2453125
1 0.11875 0.7765625 0.06015625 0.053125
1 0.20078125 0.76953125 0.0453125 0.04296875
1 0.31015625 0.77421875 0.04296875 0.03828125
1 0.65234375 0.853125 0.040625 0.053125
1 0.65234375 0.78984375 0.0453125 0.0453125
1 0.7015625 0.7296875 0.0484375 0.040625
1 0.60703125 0.6625 0.0453125 0.05078125
1 0.66015625 0.62734375 0.0453125 0.04296875
1 0.21171875 0.703125 0.04296875 0.0359375
0 0.24765625 0.2328125 0.23046875 0.2015625
0 0.08515625 0.23203125 0.11328125 0.1703125
0 0.34765625 0.36328125 0.4015625 0.14453125
0 0.7140625 0.3640625 0.196875 0.07421875
0 0.478125 0.27265625 0.27890625 0.2765625
1 0.11796875 0.234375 0.0578125 0.0453125
1 0.33671875 0.2359375 0.053125 0.0484375
1 0.53125 0.2234375 0.04296875 0.04296875
1 0.62734375 0.2015625 0.04296875 0.03828125