0 0.4953125 0.1140625 0.64453125 0.13671875
0 0.71640625 0.2390625 0.21171875 0.17578125
2 0.821875 0.1859375 0.0140625 0.021875
2 0.82109375 0.24296875 0.0265625 0.053125
2 0.821875 0.290625 0.0140625 0.01953125
2 0.171875 0.20078125 0.0171875 0.021875
2 0.16796875 0.2796875 0.0140625 0.021875
2 0.44921875 0.0734375 0.02421875 0.01171875
2 0.46484375 0.8125 0.06484375 0.01953125
2 0.27421875 0.81015625 0.0484375 0.01953125
2 0.2671875 0.48046875 0.0671875 0.01953125
2 0.46171875 0.4796875 0.10546875 0.0359375
2 0.725 0.478125 0.06484375 0.02421875
2 0.5984375 0.8109375 0.02421875 0.0171875
2 0.7515625 0.8109375 0.06484375 0.0265625
2 0.16953125 0.6046875 0.01171875 0.0171875
2 0.16796875 0.68359375 0.01953125 0.021875
0 0.6078125 0.52265625 0.08203125 0.084375
0 0.6078125 0.59765625 0.071875 0.06953125
0 0.7296875 0.5578125 0.18984375 0.16796875
0 0.7515625 0.7171875 0.13671875 0.18046875
0 0.21484375 0.68046875 0.084375 0.10078125
0 0.26328125 0.7546875 0.17578125 0.10078125
0 0.30546875 0.66796875 0.08671875 0.071875
0 0.3734375 0.6453125 0.4203125 0.353125
0 0.62890625 0.8546875 0.1421875 0.09375
0 0.6296875 0.7171875 0.125 0.17578125
0 0.12265625 0.67890625 0.09609375 0.228125
1 0.15390625 0.75625 0.053125 0.040625
1 0.23203125 0.75 0.0453125 0.04296875
1 0.33671875 0.7546875 0.04296875 0.03828125
1 0.66015625 0.828125 0.0453125 0.05546875
1 0.66015625 0.76953125 0.040625 0.03828125
1 0.70703125 0.7125 0.0484375 0.040625
1 0.61640625 0.64921875 0.040625 0.04296875
1 0.6671875 0.615625 0.040625 0.03828125
1 0.24140625 0.6875 0.0359375 0.02890625
0 0.275 0.24140625 0.2046875 0.17578125
0 0.12265625 0.240625 0.1109375 0.16328125
0 0.3703125 0.365625 0.384375 0.1203125
0 0.7171875 0.365625 0.18984375 0.08203125
0 0.4953125 0.27890625 0.2546875 0.2546875
1 0.1515625 0.24296875 0.0484375 0.03828125
1 0.3609375 0.24375 0.0484375 0.040625
1 0.5453125 0.2328125 0.04296875 0.04296875
1 0.6359375 0.21171875 0.0453125 0.03828125