2 0.55546875 0.18984375 0.053125 0.01953125
2 0.75234375 0.1875 0.09140625 0.01953125
2 0.70703125 0.6578125 0.1296875 0.0453125
2 0.35078125 0.6578125 0.09140625 0.01171875
0 0.23828125 0.26171875 0.1875 0.1296875
0 0.3703125 0.35703125 0.1828125 0.11796875
0 0.39453125 0.25234375 0.115625 0.08671875
0 0.21171875 0.46015625 0.14921875 0.26171875
0 0.22265625 0.70078125 0.1609375 0.06953125
0 0.21171875 0.62265625 0.134375 0.0578125
0 0.3703125 0.5296875 0.1734375 0.23828125
0 0.2078125 0.8125 0.13671875 0.14453125
0 0.66953125 0.11328125 0.3296875 0.1734375
0 0.60078125 0.2984375 0.1921875 0.22578125
0 0.75859375 0.321875 0.18046875 0.26953125
0 0.67578125 0.52890625 0.34609375 0.29296875
1 0.61328125 0.18984375 0.0671875 0.115625
1 0.30859375 0.2765625 0.06484375 0.04296875
1 0.21484375 0.34609375 0.05078125 0.053125
1 0.26328125 0.36796875 0.05078125 0.03828125
1 0.30859375 0.4375 0.06484375 0.04296875
1 0.25234375 0.61328125 0.071875 0.0625
1 0.24765625 0.6828125 0.053125 0.0625
1 0.30859375 0.81484375 0.07421875 0.053125
1 0.71015625 0.43125 0.06015625 0.0453125
1 0.65859375 0.3859375 0.0484375 0.0453125