2 0.540625 0.209375 0.053125 0.0140625
2 0.7328125 0.2078125 0.09140625 0.021875
2 0.6890625 0.66328125 0.13203125 0.01953125
2 0.34375 0.66328125 0.08671875 0.0140625
0 0.2328125 0.28125 0.1875 0.1390625
0 0.36328125 0.37109375 0.178125 0.12265625
0 0.3859375 0.271875 0.11328125 0.09140625
0 0.2078125 0.47265625 0.1515625 0.25703125
0 0.21875 0.70546875 0.15859375 0.06953125
0 0.209375 0.62890625 0.134375 0.06484375
0 0.36171875 0.53984375 0.17578125 0.2328125
0 0.2046875 0.8109375 0.125 0.13203125
0 0.65234375 0.1359375 0.31484375 0.146875
0 0.58515625 0.31484375 0.18515625 0.21640625
0 0.7390625 0.3390625 0.1421875 0.2453125
0 0.65859375 0.5375 0.3078125 0.23828125
1 0.5984375 0.21171875 0.0671875 0.1109375
1 0.303125 0.29453125 0.0625 0.040625
1 0.2125 0.36171875 0.05078125 0.05078125
1 0.25859375 0.38203125 0.05078125 0.03828125
1 0.303125 0.44921875 0.0625 0.0484375
1 0.24765625 0.61875 0.0625 0.05546875
1 0.24375 0.6875 0.05546875 0.0625
1 0.303125 0.81640625 0.071875 0.05078125
1 0.6921875 0.44453125 0.0578125 0.04296875
1 0.6421875 0.4 0.053125 0.05546875