2 0.140625 0.140625 0.07421875 0.03125
2 0.3375 0.1390625 0.1421875 0.0484375
2 0.6390625 0.1359375 0.1109375 0.0453125
2 0.85234375 0.140625 0.13671875 0.0453125
2 0.7828125 0.96171875 0.07421875 0.03359375
2 0.6421875 0.9640625 0.14453125 0.03359375
0 0.1046875 0.29453125 0.18984375 0.30546875
0 0.3234375 0.2984375 0.30546875 0.3265625
0 0.06484375 0.53359375 0.10546875 0.15859375
0 0.2828125 0.53359375 0.36796875 0.21171875
0 0.103125 0.703125 0.1875 0.18046875
0 0.1 0.8703125 0.1609375 0.15390625
0 0.3296875 0.7859375 0.28359375 0.33671875
0 0.24140625 0.0796875 0.459375 0.15859375
0 0.75390625 0.07421875 0.4515625 0.1484375
0 0.80625 0.896875 0.12265625 0.115625
0 0.91953125 0.8921875 0.1078125 0.125
0 0.74140625 0.4890625 0.5171875 0.728125
0 0.6390625 0.7859375 0.23046875 0.33671875
1 0.14921875 0.43515625 0.0765625 0.0484375
1 0.25390625 0.4359375 0.0796875 0.06015625
1 0.1203125 0.54453125 0.0484375 0.06953125
1 0.24375 0.63671875 0.06953125 0.0484375
1 0.19921875 0.72734375 0.03828125 0.05546875
1 0.1515625 0.7796875 0.0625 0.0453125
1 0.72734375 0.71640625 0.06015625 0.08671875
1 0.790625 0.821875 0.071875 0.053125
1 0.89453125 0.8234375 0.0484375 0.03125
1 0.73828125 0.11875 0.071875 0.06484375
1 0.11328125 0.0296875 0.0484375 0.059375