2 0.1609375 0.15234375 0.071875 0.0265625
2 0.35546875 0.1515625 0.1390625 0.0484375
2 0.65390625 0.14765625 0.1109375 0.0453125
2 0.86328125 0.15234375 0.1390625 0.0265625
2 0.79453125 0.9640625 0.07421875 0.02421875
2 0.65390625 0.9671875 0.1390625 0.05078125
0 0.1234375 0.30390625 0.18984375 0.30078125
0 0.33984375 0.30859375 0.2859375 0.31015625
0 0.084375 0.5421875 0.08671875 0.1515625
0 0.29921875 0.540625 0.353125 0.15859375
0 0.12265625 0.709375 0.178125 0.16796875
0 0.11875 0.8734375 0.1609375 0.1515625
0 0.34609375 0.7921875 0.2984375 0.353125
0 0.259375 0.08515625 0.45703125 0.1703125
0 0.76796875 0.08203125 0.44921875 0.16328125
0 0.8171875 0.9 0.125 0.11796875
0 0.92890625 0.8953125 0.1078125 0.11796875
0 0.759375 0.4984375 0.46171875 0.68984375
0 0.65234375 0.790625 0.2328125 0.33671875
1 0.16796875 0.4421875 0.08203125 0.0578125
1 0.271875 0.44609375 0.08203125 0.06484375
1 0.13828125 0.553125 0.040625 0.0625
1 0.2609375 0.64296875 0.07421875 0.06015625
1 0.2171875 0.7328125 0.0359375 0.053125
1 0.1703125 0.78515625 0.0671875 0.05546875
1 0.740625 0.72265625 0.0625 0.0890625
1 0.803125 0.82578125 0.0671875 0.05078125
1 0.9046875 0.8296875 0.05078125 0.03828125
1 0.7515625 0.13125 0.06953125 0.06015625
1 0.134375 0.040625 0.0484375 0.071875