2 0.10546875 0.49765625 0.0140625 0.134375
2 0.1859375 0.1828125 0.0171875 0.14453125
2 0.9421875 0.209375 0.0140625 0.1203125
2 0.93984375 0.4734375 0.0140625 0.125
2 0.94140625 0.7125 0.01171875 0.06015625
2 0.94453125 0.80859375 0.01953125 0.05078125
0 0.8015625 0.21015625 0.2671875 0.2671875
0 0.79921875 0.48203125 0.2671875 0.25703125
0 0.86875 0.69609375 0.13203125 0.1421875
0 0.71875 0.71875 0.10078125 0.09140625
0 0.80078125 0.8296875 0.2640625 0.115625
0 0.60703125 0.16328125 0.11328125 0.1734375
0 0.38671875 0.475 0.553125 0.81953125
1 0.640625 0.80546875 0.06953125 0.071875
1 0.60078125 0.89453125 0.0671875 0.1734375
1 0.6390625 0.709375 0.071875 0.071875
1 0.69375 0.5640625 0.06484375 0.06484375
1 0.69375 0.303125 0.06484375 0.0671875
1 0.60703125 0.2828125 0.05546875 0.07421875
1 0.57578125 0.5046875 0.06484375 0.0671875
1 0.1546875 0.303125 0.0890625 0.08671875