2 0.1625 0.19140625 0.0796875 0.0796875
2 0.03984375 0.5875 0.0265625 0.0796875
2 0.2484375 0.2015625 0.06484375 0.071875
2 0.34609375 0.1984375 0.02890625 0.06953125
2 0.4546875 0.20703125 0.04296875 0.0625
2 0.571875 0.19609375 0.1203125 0.07421875
0 0.86796875 0.478125 0.1296875 0.52421875
0 0.12734375 0.4828125 0.196875 0.509375
0 0.24765625 0.34375 0.0671875 0.1828125
0 0.334375 0.37265625 0.1390625 0.29296875
0 0.50703125 0.4890625 0.66328125 0.56953125
1 0.8140625 0.584375 0.11796875 0.15859375
1 0.265625 0.7484375 0.103125 0.30078125
1 0.1890625 0.6671875 0.07421875 0.15625
1 0.3390625 0.58515625 0.0625 0.13671875
1 0.29453125 0.39765625 0.05546875 0.1078125