2 0.1625 0.1828125 0.07421875 0.0765625
2 0.03515625 0.58984375 0.0265625 0.0796875
2 0.25 0.1921875 0.0625 0.071875
2 0.35 0.18984375 0.0359375 0.071875
2 0.46015625 0.196875 0.05078125 0.0671875
2 0.5828125 0.1875 0.12265625 0.071875
0 0.8859375 0.47734375 0.11328125 0.53125
0 0.1265625 0.4828125 0.18046875 0.5140625
0 0.2484375 0.3390625 0.084375 0.1921875
0 0.3390625 0.3703125 0.134375 0.303125
0 0.515625 0.4890625 0.69453125 0.6078125
1 0.83046875 0.58515625 0.103125 0.1515625
1 0.2671875 0.75703125 0.0578125 0.3078125
1 0.1890625 0.671875 0.07421875 0.1609375
1 0.3421875 0.5875 0.06484375 0.1421875
1 0.296875 0.3953125 0.0453125 0.103125