2 0.16796875 0.1921875 0.071875 0.071875
2 0.04296875 0.5953125 0.02890625 0.0796875
2 0.25703125 0.2015625 0.0578125 0.0671875
2 0.3546875 0.19921875 0.0359375 0.071875
2 0.4640625 0.20703125 0.053125 0.0671875
2 0.58515625 0.196875 0.12265625 0.0765625
0 0.884375 0.4828125 0.15859375 0.52890625
0 0.13203125 0.4890625 0.2546875 0.5171875
0 0.25390625 0.34609375 0.103125 0.1921875
0 0.34140625 0.3765625 0.1296875 0.30078125
0 0.51953125 0.4953125 0.634375 0.52421875
1 0.83046875 0.58984375 0.1078125 0.1515625
1 0.27265625 0.75859375 0.06015625 0.30546875
1 0.19453125 0.67578125 0.0625 0.15859375
1 0.34765625 0.5921875 0.06484375 0.13671875
1 0.303125 0.40390625 0.053125 0.10546875