2 0.25703125 0.1046875 0.14921875 0.06953125
2 0.55859375 0.10703125 0.1421875 0.07421875
2 0.85546875 0.1078125 0.14453125 0.071875
0 0.83515625 0.73046875 0.13203125 0.21640625
0 0.4890625 0.82421875 0.1703125 0.14921875
0 0.1859375 0.74140625 0.19453125 0.228125
0 0.5671875 0.7359375 0.53828125 0.21640625
0 0.69140625 0.375 0.521875 0.46640625
0 0.25390625 0.3765625 0.31484375 0.4734375
1 0.36875 0.5828125 0.07421875 0.0984375
1 0.1921875 0.6578125 0.115625 0.084375
1 0.38671875 0.39453125 0.08671875 0.16328125
1 0.49296875 0.71171875 0.0625 0.08671875
1 0.6515625 0.5875 0.125 0.0796875
1 0.76953125 0.91953125 0.0765625 0.146875