2 0.24140625 0.228125 0.12265625 0.053125
2 0.5453125 0.22734375 0.03828125 0.03125
2 0.9390625 0.4515625 0.040625 0.15390625
2 0.94140625 0.7015625 0.0453125 0.15390625
2 0.09609375 0.7203125 0.02421875 0.1609375
0 0.78359375 0.740625 0.33671875 0.3171875
0 0.78125 0.4125 0.3125 0.37265625
0 0.58203125 0.34375 0.16796875 0.21640625
0 0.49296875 0.6578125 0.115625 0.165625
0 0.3640625 0.5609375 0.5890625 0.69453125
1 0.33984375 0.23203125 0.0890625 0.18984375
1 0.55859375 0.6984375 0.07421875 0.06953125
1 0.47109375 0.7859375 0.0671875 0.0625
1 0.484375 0.890625 0.0890625 0.18515625
1 0.6609375 0.64765625 0.08203125 0.0890625
1 0.65859375 0.49609375 0.071875 0.084375
1 0.56953125 0.4890625 0.0765625 0.0984375
0 0.27890625 0.11796875 0.28828125 0.20703125