2 0.24765625 0.240625 0.1203125 0.03359375
2 0.540625 0.2390625 0.03359375 0.03125
2 0.91953125 0.4546875 0.0265625 0.14921875
2 0.921875 0.69609375 0.0453125 0.146875
2 0.1078125 0.7140625 0.04296875 0.15390625
0 0.7703125 0.7328125 0.2859375 0.26953125
0 0.76796875 0.4171875 0.34375 0.3921875
0 0.57578125 0.35078125 0.1703125 0.21171875
0 0.48828125 0.65234375 0.1109375 0.1609375
0 0.365625 0.56015625 0.571875 0.66796875
1 0.3421875 0.24296875 0.0984375 0.1828125
1 0.553125 0.69375 0.0671875 0.06484375
1 0.46875 0.77734375 0.071875 0.06953125
1 0.48203125 0.87734375 0.0890625 0.178125
1 0.6515625 0.64453125 0.0765625 0.08671875
1 0.64921875 0.4984375 0.0765625 0.084375
1 0.5640625 0.49140625 0.06015625 0.084375
0 0.28359375 0.13359375 0.28828125 0.228125