2 0.78125 0.06875 0.15859375 0.0453125
2 0.26953125 0.071875 0.26953125 0.0578125
2 0.76953125 0.975 0.1390625 0.0453125
2 0.2671875 0.97578125 0.125 0.03359375
0 0.11171875 0.53515625 0.2234375 0.24765625
0 0.3125 0.540625 0.21640625 0.22109375
0 0.21875 0.8078125 0.4375 0.365625
0 0.51953125 0.8921875 0.1875 0.08671875
0 0.78125 0.80546875 0.3609375 0.3609375
0 0.86640625 0.5796875 0.17578125 0.14453125
0 0.70078125 0.58203125 0.1609375 0.14921875
0 0.49140625 0.4625 0.9828125 0.88203125
1 0.54921875 0.0734375 0.103125 0.146875
1 0.46015625 0.540625 0.103125 0.0625
1 0.58515625 0.584375 0.09375 0.0671875
1 0.6578125 0.6921875 0.09375 0.071875
1 0.83984375 0.6765625 0.0984375 0.0890625
1 0.38359375 0.68984375 0.09375 0.0671875
1 0.24765625 0.5453125 0.10078125 0.071875
1 0.4953125 0.8234375 0.08203125 0.06953125
1 0.49453125 0.95859375 0.0921875 0.0828125