2 0.8296875 0.02890625 0.16796875 0.02890625
2 0.3109375 0.03125 0.2765625 0.04296875
2 0.8171875 0.94609375 0.1390625 0.0453125
2 0.30859375 0.94609375 0.12734375 0.03125
0 0.140625 0.5015625 0.2234375 0.228125
0 0.3546875 0.5046875 0.2234375 0.23046875
0 0.25 0.77734375 0.4328125 0.3296875
0 0.5640625 0.8609375 0.18984375 0.08671875
0 0.82890625 0.77109375 0.3421875 0.3453125
0 0.91171875 0.54375 0.1765625 0.146875
0 0.74765625 0.546875 0.14921875 0.12734375
0 0.51328125 0.4265625 0.9734375 0.81015625
1 0.59375 0.05390625 0.10078125 0.1078125
1 0.5046875 0.50625 0.10546875 0.06953125
1 0.63125 0.54921875 0.0984375 0.07421875
1 0.7046875 0.66015625 0.09609375 0.07421875
1 0.8890625 0.64453125 0.09609375 0.08671875
1 0.4265625 0.6578125 0.0984375 0.07421875
1 0.28828125 0.5109375 0.10078125 0.07421875
1 0.540625 0.7921875 0.08671875 0.06953125
1 0.540625 0.928125 0.10078125 0.09140625