0 0.525 0.7953125 0.2328125 0.40859375
2 0.63125 0.63125 0.0171875 0.103125
2 0.63203125 0.86875 0.02421875 0.26171875
2 0.31484375 0.17890625 0.1828125 0.05078125
0 0.82421875 0.43125 0.22578125 0.49296875
0 0.95546875 0.51171875 0.0890625 0.14921875
0 0.96171875 0.3734375 0.0765625 0.12734375
0 0.94609375 0.19453125 0.1078125 0.21171875
1 0.92578125 0.275 0.0578125 0.05078125
1 0.9171875 0.33671875 0.0265625 0.03828125
1 0.91328125 0.55546875 0.03828125 0.0578125
1 0.63828125 0.55546875 0.0359375 0.053125
1 0.53984375 0.56015625 0.0359375 0.053125
1 0.42421875 0.146875 0.0265625 0.053125
1 0.4828125 0.28984375 0.02421875 0.040625
1 0.44453125 0.2484375 0.02890625 0.040625
1 0.353125 0.25 0.03359375 0.053125
1 0.37734375 0.41015625 0.03828125 0.05546875
1 0.209375 0.15 0.03359375 0.05546875
1 0.303125 0.4890625 0.02421875 0.040625
1 0.24140625 0.69921875 0.03125 0.0484375
1 0.2078125 0.7546875 0.05078125 0.071875
1 0.2078125 0.84140625 0.0359375 0.0671875
0 0.23203125 0.9078125 0.12265625 0.17578125
0 0.50234375 0.20703125 0.1109375 0.196875
0 0.5046875 0.3734375 0.08203125 0.1078125
0 0.578125 0.50703125 0.103125 0.15390625
0 0.4734375 0.50859375 0.115625 0.1421875
0 0.40859375 0.31015625 0.125 0.25
0 0.21640625 0.49140625 0.428125 0.63203125