2 0.0515625 0.21640625 0.040625 0.1921875
2 0.053125 0.51796875 0.03828125 0.11796875
2 0.053125 0.79296875 0.02890625 0.1875
2 0.396875 0.1078125 0.03828125 0.03359375
2 0.54453125 0.10546875 0.11796875 0.04296875
0 0.87109375 0.290625 0.12734375 0.34140625
0 0.20078125 0.25234375 0.31953125 0.3125
0 0.39453125 0.1984375 0.115625 0.18515625
0 0.19921875 0.765625 0.29296875 0.25703125
0 0.43984375 0.50390625 0.8171875 0.8296875
1 0.83515625 0.4078125 0.11796875 0.07421875
2 0.8296875 0.24140625 0.053125 0.24765625
1 0.428125 0.859375 0.0765625 0.1078125
1 0.31875 0.68984375 0.06484375 0.0765625
1 0.4234375 0.31953125 0.04296875 0.071875
1 0.26171875 0.35703125 0.0625 0.0890625