2 0.0875 0.22734375 0.05546875 0.18046875
2 0.0890625 0.521875 0.02421875 0.115625
2 0.0875 0.78984375 0.0453125 0.18046875
2 0.4234375 0.12109375 0.03359375 0.0265625
2 0.5671875 0.11875 0.115625 0.05078125
0 0.884375 0.29921875 0.1109375 0.334375
0 0.23203125 0.26171875 0.290625 0.27890625
0 0.4203125 0.21015625 0.125 0.18515625
0 0.23203125 0.7609375 0.2859375 0.25234375
0 0.46484375 0.50703125 0.8578125 0.865625
1 0.85 0.41328125 0.11328125 0.071875
2 0.84375 0.25234375 0.02421875 0.2453125
1 0.4515625 0.853125 0.071875 0.10546875
1 0.34765625 0.68984375 0.06953125 0.0765625
1 0.4484375 0.328125 0.040625 0.06953125
1 0.29296875 0.3640625 0.0484375 0.084375