2 0.1703125 0.18984375 0.071875 0.02421875
2 0.34765625 0.18984375 0.07421875 0.02421875
2 0.5296875 0.19140625 0.1609375 0.03125
2 0.759375 0.853125 0.0765625 0.02421875
2 0.17578125 0.84609375 0.0765625 0.02421875
2 0.5 0.89765625 0.0484375 0.06015625
2 0.55546875 0.92421875 0.0578125 0.021875
2 0.6109375 0.89765625 0.0578125 0.06484375
2 0.8125 0.19140625 0.0765625 0.021875
2 0.390625 0.85 0.03125 0.021875
0 0.771875 0.11328125 0.20703125 0.14921875
0 0.3265625 0.3265625 0.1875 0.26953125
0 0.1671875 0.37109375 0.21875 0.36328125
0 0.13671875 0.5984375 0.1109375 0.1203125
0 0.1875 0.71875 0.21171875 0.259375
0 0.3296875 0.77734375 0.10078125 0.13671875
0 0.4046875 0.75703125 0.084375 0.178125
0 0.3296875 0.3265625 0.1921875 0.27890625
0 0.55078125 0.5484375 0.70703125 0.78828125
0 0.76953125 0.7359375 0.196875 0.22578125
0 0.72578125 0.57421875 0.10546875 0.1921875
0 0.81484375 0.55078125 0.09140625 0.14921875
1 0.8859375 0.7515625 0.06953125 0.09375
1 0.7171875 0.1875 0.06484375 0.1390625
1 0.73828125 0.45703125 0.04296875 0.0578125
1 0.271875 0.43515625 0.053125 0.0671875
1 0.13125 0.52890625 0.0453125 0.0625
1 0.22578125 0.50625 0.053125 0.06953125
1 0.259375 0.65625 0.0625 0.09140625
1 0.31484375 0.74609375 0.0578125 0.07421875
1 0.31484375 0.88125 0.0625 0.0796875
1 0.7546875 0.6734375 0.0484375 0.08671875
1 0.69140625 0.7609375 0.0453125 0.06015625
1 0.7546875 0.509375 0.04296875 0.0578125
1 0.37734375 0.68515625 0.0484375 0.053125
0 0.39921875 0.9234375 0.23046875 0.125
0 0.2140625 0.57421875 0.0671875 0.053125