2 0.14921875 0.1921875 0.0765625 0.02421875
2 0.3296875 0.19140625 0.0765625 0.0359375
2 0.5171875 0.1921875 0.16328125 0.03828125
2 0.75234375 0.87265625 0.08203125 0.02890625
2 0.15234375 0.8640625 0.0796875 0.03125
2 0.4859375 0.91796875 0.04296875 0.0625
2 0.540625 0.94609375 0.0578125 0.03125
2 0.6 0.91796875 0.05078125 0.0578125
2 0.80546875 0.19375 0.08203125 0.03125
2 0.3734375 0.86875 0.03125 0.0171875
0 0.76328125 0.11328125 0.2140625 0.15390625
0 0.3078125 0.33203125 0.1875 0.27421875
0 0.14453125 0.37890625 0.1875 0.36796875
0 0.11171875 0.609375 0.11328125 0.12265625
0 0.165625 0.7359375 0.22578125 0.26953125
0 0.31015625 0.7953125 0.09140625 0.1296875
0 0.3890625 0.77421875 0.10078125 0.1828125
0 0.31015625 0.3328125 0.20703125 0.2859375
0 0.53828125 0.56015625 0.759375 0.83671875
0 0.76171875 0.75234375 0.21171875 0.2359375
0 0.7171875 0.58515625 0.11796875 0.19921875
0 0.80859375 0.5625 0.11328125 0.15859375
1 0.88203125 0.76796875 0.0625 0.0984375
1 0.709375 0.1890625 0.0578125 0.1421875
1 0.73046875 0.46484375 0.0484375 0.06015625
1 0.2515625 0.44375 0.05546875 0.06953125
1 0.10703125 0.53984375 0.0359375 0.05546875
1 0.2046875 0.5171875 0.0484375 0.0671875
1 0.2390625 0.6703125 0.06484375 0.09609375
1 0.2953125 0.7640625 0.0578125 0.071875
1 0.2953125 0.9015625 0.0625 0.08203125
1 0.74609375 0.6875 0.0453125 0.08671875
1 0.6828125 0.77890625 0.053125 0.0671875
1 0.74765625 0.5203125 0.04296875 0.05546875
1 0.359375 0.69921875 0.05546875 0.0578125
0 0.38125 0.93125 0.24765625 0.13671875
0 0.1921875 0.58671875 0.071875 0.053125