2 0.16953125 0.18515625 0.07421875 0.02890625
2 0.34609375 0.18515625 0.0765625 0.02421875
2 0.52890625 0.1875 0.15859375 0.03828125
2 0.75859375 0.8484375 0.0796875 0.02890625
2 0.17421875 0.84140625 0.0796875 0.03359375
2 0.4984375 0.89296875 0.0453125 0.06015625
2 0.553125 0.91953125 0.0578125 0.03125
2 0.609375 0.89296875 0.05078125 0.06015625
2 0.81015625 0.1875 0.0765625 0.02421875
2 0.390625 0.8453125 0.03125 0.0171875
0 0.76953125 0.1078125 0.196875 0.1296875
0 0.32421875 0.321875 0.1734375 0.259375
0 0.165625 0.36640625 0.1921875 0.36328125
0 0.134375 0.5921875 0.10078125 0.11328125
0 0.1859375 0.71484375 0.209375 0.25703125
0 0.3265625 0.77421875 0.10078125 0.134375
0 0.40390625 0.75234375 0.09609375 0.178125
0 0.3265625 0.3234375 0.1921875 0.28125
0 0.54921875 0.54453125 0.6515625 0.74765625
0 0.76796875 0.73203125 0.2046875 0.228125
0 0.725 0.56953125 0.13671875 0.2015625
0 0.8140625 0.5453125 0.103125 0.15390625
1 0.884375 0.74609375 0.053125 0.0890625
1 0.71640625 0.1828125 0.053125 0.134375
1 0.73828125 0.4515625 0.03828125 0.0578125
1 0.2703125 0.43046875 0.05546875 0.071875
1 0.1296875 0.52421875 0.04296875 0.0578125
1 0.225 0.50234375 0.0453125 0.0671875
1 0.25859375 0.6515625 0.06484375 0.09140625
1 0.3140625 0.74140625 0.06484375 0.07421875
1 0.31484375 0.8765625 0.0578125 0.0796875
1 0.75234375 0.66796875 0.053125 0.09140625
1 0.68984375 0.75703125 0.053125 0.0671875
1 0.75390625 0.5046875 0.040625 0.053125
1 0.3765625 0.68046875 0.05078125 0.053125
0 0.396875 0.9171875 0.2453125 0.165625
0 0.2140625 0.56953125 0.071875 0.0578125