2 0.2390625 0.50625 0.021875 0.0796875
2 0.2390625 0.68515625 0.021875 0.0484375
2 0.240625 0.87109375 0.02421875 0.07421875
2 0.4125 0.19921875 0.09375 0.01953125
2 0.66328125 0.20078125 0.09609375 0.021875
2 0.93359375 0.240625 0.0265625 0.071875
0 0.4125 0.12265625 0.334375 0.1390625
0 0.41015625 0.31015625 0.31953125 0.20703125
0 0.3234375 0.6890625 0.13203125 0.1421875
0 0.4828125 0.6890625 0.1734375 0.1421875
0 0.41015625 0.8640625 0.31953125 0.18984375
0 0.584375 0.521875 0.6734375 0.6390625
1 0.5171875 0.2015625 0.08671875 0.1203125
1 0.6140625 0.6921875 0.0890625 0.0578125
1 0.546875 0.7984375 0.0890625 0.0578125
1 0.64296875 0.8484375 0.084375 0.1203125
1 0.41796875 0.68359375 0.09140625 0.0453125