2 0.7875 0.7828125 0.11328125 0.0171875
2 0.59609375 0.7765625 0.0484375 0.01953125
2 0.2203125 0.77890625 0.1421875 0.02421875
2 0.17578125 0.1765625 0.1390625 0.01171875
2 0.328125 0.1765625 0.05078125 0.0171875
2 0.59765625 0.178125 0.040625 0.0140625
2 0.80390625 0.1765625 0.06015625 0.021875
0 0.1359375 0.48046875 0.1609375 0.10078125
0 0.2015625 0.65234375 0.303125 0.2328125
0 0.25703125 0.475 0.40390625 0.584375
1 0.2484375 0.47109375 0.084375 0.0625
1 0.4046875 0.2125 0.084375 0.0796875
1 0.41484375 0.80859375 0.0890625 0.0796875
0 0.59765625 0.55078125 0.1421875 0.21171875
0 0.59765625 0.7140625 0.1421875 0.115625
1 0.63671875 0.62265625 0.071875 0.053125
0 0.80546875 0.64453125 0.2546875 0.2546875
0 0.60234375 0.4109375 0.146875 0.0671875
0 0.7328125 0.37109375 0.41328125 0.37265625
1 0.88125 0.21484375 0.084375 0.084375
1 0.615625 0.3546875 0.0625 0.05546875
1 0.7171875 0.52265625 0.0890625 0.06015625
1 0.71875 0.5875 0.08203125 0.06484375
0 0.4046875 0.709375 0.103125 0.115625
0 0.3375 0.578125 0.24765625 0.1515625