2 0.584375 0.06953125 0.27421875 0.08203125
2 0.0375 0.271875 0.0453125 0.1875
2 0.0375 0.67421875 0.06015625 0.18515625
2 0.87734375 0.2203125 0.134375 0.05546875
0 0.2015625 0.29453125 0.29296875 0.40625
0 0.56015625 0.365625 0.4421875 0.58203125
0 0.66171875 0.53203125 0.6765625 0.6609375
0 0.8796875 0.125 0.240625 0.1734375
0 0.20546875 0.6734375 0.3578125 0.3703125
0 0.91328125 0.734375 0.14453125 0.165625
1 0.796875 0.146875 0.0890625 0.09609375
1 0.32109375 0.36796875 0.1078125 0.115625
1 0.5484375 0.5984375 0.1296875 0.10078125
1 0.39765625 0.70078125 0.084375 0.0984375
1 0.6296875 0.8421875 0.125 0.25703125
1 0.78984375 0.5890625 0.0890625 0.115625
1 0.79921875 0.7015625 0.0796875 0.09609375