2 0.56953125 0.071875 0.2640625 0.053125
2 0.0421875 0.2671875 0.06953125 0.178125
2 0.04296875 0.6546875 0.053125 0.18046875
2 0.85234375 0.21640625 0.13203125 0.053125
0 0.19921875 0.28984375 0.35078125 0.43046875
0 0.5453125 0.35703125 0.4421875 0.56953125
0 0.66015625 0.51953125 0.6609375 0.615625
0 0.8640625 0.12734375 0.24765625 0.16796875
0 0.2046875 0.65234375 0.3171875 0.3296875
0 0.88671875 0.7125 0.16328125 0.18046875
1 0.775 0.146875 0.0890625 0.09140625
1 0.31640625 0.359375 0.09375 0.103125
1 0.53359375 0.58203125 0.125 0.10078125
1 0.3890625 0.68046875 0.08671875 0.10078125
1 0.6140625 0.8171875 0.0984375 0.2453125
1 0.76796875 0.571875 0.07421875 0.10546875
1 0.7765625 0.68125 0.0765625 0.09375