2 0.7796875 0.25390625 0.146875 0.0265625
2 0.5671875 0.25234375 0.0484375 0.02421875
2 0.459375 0.2515625 0.0484375 0.0265625
2 0.17421875 0.25390625 0.12734375 0.0265625
0 0.23671875 0.1546875 0.2671875 0.1703125
0 0.77890625 0.5296875 0.259375 0.5359375
0 0.59140625 0.43359375 0.10078125 0.3390625
0 0.4578125 0.4375 0.15625 0.34140625
0 0.3796875 0.53125 0.53359375 0.51953125
1 0.2671875 0.2140625 0.0578125 0.10546875
1 0.459375 0.64921875 0.0578125 0.09609375
1 0.61328125 0.64296875 0.04296875 0.07421875
1 0.6765625 0.66953125 0.06015625 0.084375
1 0.61328125 0.80625 0.0625 0.19453125