2 0.9515625 0.7953125 0.03828125 0.0140625
2 0.8125 0.7953125 0.04296875 0.0140625
2 0.58671875 0.7921875 0.10546875 0.021875
2 0.3375 0.7953125 0.103125 0.02890625
2 0.103125 0.79296875 0.0578125 0.01953125
2 0.09609375 0.1703125 0.09609375 0.02890625
2 0.22734375 0.1140625 0.0171875 0.0984375
2 0.27421875 0.0578125 0.0765625 0.02890625
2 0.5890625 0.1703125 0.09609375 0.03359375
2 0.7140625 0.11171875 0.02890625 0.0984375
2 0.76328125 0.05859375 0.0796875 0.03125
0 0.2640625 0.42578125 0.46640625 0.7359375
0 0.73828125 0.2765625 0.490625 0.490625
0 0.6421875 0.64296875 0.23046875 0.28125
0 0.87109375 0.6875 0.24765625 0.2359375
0 0.86875 0.49375 0.21875 0.1609375
1 0.1765625 0.20703125 0.0796875 0.10546875
1 0.3265625 0.53828125 0.0578125 0.0625
1 0.2140625 0.75703125 0.0578125 0.0578125
1 0.23671875 0.8296875 0.07421875 0.10078125
0 0.1671875 0.74765625 0.06015625 0.071875
1 0.6734375 0.20703125 0.071875 0.09609375
1 0.7984375 0.3796875 0.0578125 0.08671875
1 0.84765625 0.55078125 0.05546875 0.08671875
1 0.78125 0.53984375 0.0671875 0.0796875