2 0.9671875 0.81015625 0.040625 0.01953125
2 0.8265625 0.81015625 0.04296875 0.0140625
2 0.59375 0.8078125 0.10546875 0.01953125
2 0.33984375 0.81015625 0.1078125 0.02890625
2 0.1 0.80859375 0.06015625 0.03125
2 0.09375 0.171875 0.09609375 0.0359375
2 0.22734375 0.1140625 0.01171875 0.0984375
2 0.275 0.0578125 0.0796875 0.02890625
2 0.5953125 0.1734375 0.0984375 0.03828125
2 0.725 0.11328125 0.03125 0.10078125
2 0.77421875 0.0578125 0.08203125 0.02890625
0 0.2671875 0.43046875 0.53359375 0.78359375
0 0.7484375 0.2796875 0.43984375 0.43984375
0 0.64921875 0.6546875 0.26953125 0.31484375
0 0.884375 0.6984375 0.23046875 0.21875
0 0.88359375 0.50234375 0.2234375 0.16328125
1 0.17578125 0.209375 0.0765625 0.10078125
1 0.3296875 0.5484375 0.0625 0.0671875
1 0.2140625 0.771875 0.0625 0.0625
1 0.23671875 0.84375 0.084375 0.10546875
0 0.165625 0.7609375 0.0671875 0.0796875
1 0.68125 0.209375 0.06953125 0.09140625
1 0.8109375 0.3859375 0.07421875 0.0984375
1 0.8609375 0.56015625 0.0671875 0.09140625
1 0.79296875 0.54921875 0.0671875 0.0796875