1 0.68984375 0.86328125 0.071875 0.02890625
1 0.709375 0.10234375 0.03359375 0.0265625
1 0.61171875 0.103125 0.07421875 0.03359375
1 0.4171875 0.10703125 0.09375 0.03125
1 0.44375 0.865625 0.06484375 0.02890625
2 0.35703125 0.0515625 0.1703125 0.103125
2 0.60703125 0.2640625 0.13203125 0.303125
2 0.72265625 0.1828125 0.103125 0.14453125
2 0.72265625 0.384375 0.12265625 0.2546875
2 0.72109375 0.56015625 0.10078125 0.10078125
2 0.65234375 0.73203125 0.23828125 0.24765625
2 0.60703125 0.51171875 0.1609375 0.196875
2 0.4484375 0.646875 0.1515625 0.4234375
2 0.36171875 0.7953125 0.06015625 0.115625
2 0.30390625 0.80078125 0.05078125 0.10546875
2 0.390625 0.42421875 0.31015625 0.62734375
0 0.334375 0.10546875 0.053125 0.1734375
0 0.7046875 0.28828125 0.04296875 0.0765625
0 0.64765625 0.4 0.0359375 0.07421875
0 0.66015625 0.4578125 0.0453125 0.05546875
0 0.6609375 0.56015625 0.04296875 0.0578125
0 0.61328125 0.58671875 0.0484375 0.071875
0 0.31015625 0.71171875 0.04296875 0.0671875
0 0.37109375 0.6921875 0.05546875 0.0671875
0 0.36328125 0.77421875 0.0484375 0.08203125
0 0.36328125 0.896875 0.0484375 0.09140625