1 0.696875 0.865625 0.071875 0.02421875
1 0.7171875 0.10546875 0.0359375 0.02421875
1 0.6203125 0.10703125 0.0765625 0.0265625
1 0.42421875 0.109375 0.09375 0.0265625
1 0.45078125 0.86640625 0.06484375 0.03125
2 0.3640625 0.04921875 0.165625 0.0984375
2 0.6140625 0.2671875 0.18046875 0.3171875
2 0.7296875 0.1859375 0.103125 0.146875
2 0.73046875 0.3859375 0.09140625 0.24765625
2 0.728125 0.5625 0.09609375 0.09609375
2 0.6609375 0.7359375 0.2453125 0.2546875
2 0.615625 0.5140625 0.1390625 0.1828125
2 0.45546875 0.65 0.1609375 0.42578125
2 0.36875 0.79921875 0.06953125 0.11796875
2 0.3109375 0.80390625 0.06015625 0.1078125
2 0.39765625 0.4265625 0.3296875 0.62734375
0 0.34140625 0.109375 0.0765625 0.17578125
0 0.7125 0.290625 0.0453125 0.0765625
0 0.65625 0.40390625 0.04296875 0.0765625
0 0.66796875 0.46171875 0.04296875 0.053125
0 0.66796875 0.5625 0.0484375 0.0578125
0 0.6203125 0.58984375 0.03828125 0.06953125
0 0.3171875 0.71484375 0.04296875 0.06953125
0 0.37890625 0.69453125 0.06015625 0.071875
0 0.37109375 0.775 0.05546875 0.084375
0 0.37109375 0.89921875 0.06015625 0.09140625