2 0.2421875 0.07421875 0.428125 0.1484375
2 0.3375 0.23828125 0.25703125 0.2453125
2 0.24609375 0.353125 0.415625 0.4375
2 0.08515625 0.53828125 0.09375 0.0765625
2 0.10234375 0.62890625 0.13671875 0.11328125
2 0.3109375 0.6265625 0.28125 0.146875
2 0.60703125 0.72265625 0.1703125 0.09375
2 0.82109375 0.81015625 0.2859375 0.27890625
2 0.553125 0.62734375 0.08671875 0.08671875
2 0.6453125 0.625 0.084375 0.10078125
2 0.36171875 0.53984375 0.18046875 0.07421875
2 0.7203125 0.07578125 0.43515625 0.146875
2 0.71640625 0.40234375 0.490625 0.59375
1 0.11796875 0.1296875 0.1390625 0.03828125
1 0.34609375 0.1265625 0.125 0.03125
1 0.5890625 0.12734375 0.1390625 0.0140625
1 0.8109375 0.1265625 0.12734375 0.03125
1 0.8125 0.67578125 0.125 0.02421875
1 0.54921875 0.68046875 0.0359375 0.0140625
0 0.1609375 0.55390625 0.0578125 0.0359375
0 0.24140625 0.5578125 0.06953125 0.04296875
0 0.19609375 0.603125 0.06015625 0.053125
0 0.2546875 0.3296875 0.053125 0.03828125
0 0.25625 0.1078125 0.06015625 0.0578125
0 0.71875 0.10703125 0.053125 0.05078125
0 0.57421875 0.55859375 0.0484375 0.0453125
0 0.64765625 0.5984375 0.06015625 0.04296875
0 0.646875 0.696875 0.0578125 0.0578125