1 0.03515625 0.62265625 0.06953125 0.1828125
1 0.9671875 0.30625 0.0453125 0.19453125
1 0.9671875 0.5890625 0.06484375 0.196875
1 0.0875 0.2828125 0.03125 0.18984375
2 0.490625 0.46015625 0.98046875 0.67578125
2 0.58671875 0.28828125 0.134375 0.196875
2 0.80546875 0.32421875 0.3078125 0.29296875
0 0.08671875 0.43515625 0.02890625 0.09609375
0 0.45078125 0.64453125 0.01171875 0.0765625
0 0.64765625 0.42890625 0.03125 0.07421875
0 0.61328125 0.3859375 0.0484375 0.0171875
0 0.584375 0.7484375 0.08203125 0.021875