1 0.06015625 0.6421875 0.0484375 0.1875
1 0.98671875 0.321875 0.0265625 0.1921875
1 0.98671875 0.60546875 0.0265625 0.2015625
1 0.11328125 0.29921875 0.0578125 0.18515625
2 0.50234375 0.478125 0.9953125 0.65859375
2 0.61328125 0.30625 0.1203125 0.19453125
2 0.8328125 0.34140625 0.334375 0.3265625
0 0.11171875 0.4546875 0.0265625 0.09609375
0 0.478125 0.66328125 0.0140625 0.0765625
0 0.6765625 0.446875 0.03125 0.0765625
0 0.6421875 0.40390625 0.0484375 0.01953125
0 0.61171875 0.76953125 0.0796875 0.02421875