2 0.771875 0.7546875 0.321875 0.25
2 0.73203125 0.36640625 0.43046875 0.56484375
2 0.228125 0.740625 0.384375 0.3078125
2 0.1515625 0.54453125 0.178125 0.1078125
2 0.3328125 0.5484375 0.15625 0.115625
2 0.39921875 0.490625 0.740625 0.8125
0 0.384375 0.0515625 0.115625 0.103125
0 0.65625 0.709375 0.1203125 0.10546875
0 0.36796875 0.68359375 0.1203125 0.103125
0 0.47265625 0.92421875 0.12734375 0.1078125
0 0.45546875 0.55859375 0.103125 0.084375
0 0.50234375 0.52421875 0.115625 0.09140625
0 0.80078125 0.34140625 0.09609375 0.08671875