2 0.76953125 0.75390625 0.3265625 0.26171875
2 0.7296875 0.36875 0.43515625 0.56484375
2 0.23203125 0.7390625 0.37734375 0.30546875
2 0.1546875 0.5453125 0.18046875 0.125
2 0.33671875 0.5484375 0.14453125 0.10078125
2 0.4 0.48984375 0.8 0.8609375
0 0.38671875 0.0578125 0.1109375 0.09140625
0 0.65390625 0.7078125 0.1109375 0.09375
0 0.3703125 0.6828125 0.1203125 0.10078125
0 0.4734375 0.9203125 0.1203125 0.09609375
0 0.45703125 0.56015625 0.1109375 0.09140625
0 0.50234375 0.525 0.115625 0.09375
0 0.7984375 0.34375 0.09609375 0.08203125