1 0.0140625 0.59609375 0.01953125 0.0484375
1 0.0140625 0.78125 0.009375 0.0484375
1 0.13671875 0.92890625 0.02890625 0.0171875
1 0.16484375 0.00625 0.09375 0.01171875
1 0.69296875 0.009375 0.0609375 0.01875
1 0.9125 0.00703125 0.06015625 0.0140625
1 0.9859375 0.20546875 0.02421875 0.103125
1 0.89296875 0.6921875 0.06015625 0.01953125
1 0.49375 0.69609375 0.06484375 0.021875
1 0.490625 0.0046875 0.0671875 0.009375
2 0.20078125 0.2078125 0.4015625 0.415625
2 0.05625 0.54453125 0.1125 0.2796875
2 0.053125 0.80546875 0.10546875 0.23046875
2 0.12734375 0.80625 0.1109375 0.23828125
2 0.271875 0.8109375 0.240625 0.2671875
2 0.12734375 0.62734375 0.08671875 0.125
2 0.1828125 0.54921875 0.23046875 0.30078125
2 0.43359375 0.35234375 0.44453125 0.7046875
2 0.68984375 0.13671875 0.2359375 0.2734375
2 0.88671875 0.19921875 0.2015625 0.39453125
2 0.8859375 0.546875 0.18984375 0.28125
2 0.68359375 0.75 0.1515625 0.125
2 0.63203125 0.33515625 0.08203125 0.13203125
2 0.6921875 0.47734375 0.2546875 0.44453125
0 0.69140625 0.85078125 0.06484375 0.09609375
0 0.3265625 0.8578125 0.0625 0.09140625
0 0.140625 0.53984375 0.05546875 0.06484375