1 0.0375 0.59765625 0.00703125 0.0453125
1 0.0375 0.78125 0.01171875 0.0484375
1 0.15859375 0.928125 0.02890625 0.01953125
1 0.1859375 0.0109375 0.09375 0.021875
1 0.709375 0.009375 0.059375 0.01875
1 0.93125 0.00859375 0.06015625 0.0171875
1 0.9109375 0.6921875 0.0625 0.02890625
1 0.5140625 0.69609375 0.0671875 0.0171875
1 0.50859375 0.009375 0.0671875 0.01875
2 0.22109375 0.21171875 0.41796875 0.4234375
2 0.07421875 0.5484375 0.071875 0.27421875
2 0.07421875 0.80546875 0.071875 0.22578125
2 0.14921875 0.80625 0.10078125 0.2328125
2 0.2921875 0.81015625 0.228125 0.259375
2 0.14921875 0.62734375 0.08671875 0.125
2 0.203125 0.54921875 0.21875 0.2953125
2 0.4546875 0.34765625 0.3171875 0.68046875
2 0.709375 0.134375 0.1875 0.259375
2 0.89140625 0.2015625 0.2171875 0.403125
2 0.89921875 0.5453125 0.2015625 0.29296875
2 0.703125 0.7484375 0.1421875 0.11328125
2 0.6515625 0.33671875 0.09140625 0.134375
2 0.71171875 0.478125 0.22578125 0.4375
0 0.71015625 0.85078125 0.06484375 0.09609375
0 0.34765625 0.85703125 0.06015625 0.0890625
0 0.1609375 0.53984375 0.04296875 0.06015625