2 0.7046875 0.88203125 0.16328125 0.14921875
1 0.38828125 0.22109375 0.19453125 0.01953125
1 0.76171875 0.22265625 0.1921875 0.0171875
1 0.84140625 0.79921875 0.0625 0.0171875
1 0.35234375 0.7984375 0.17578125 0.01953125
1 0.66484375 0.959375 0.040625 0.009375
2 0.3375 0.38671875 0.31484375 0.3125
2 0.57421875 0.74296875 0.125 0.08671875
2 0.775 0.7140625 0.25703125 0.14453125
2 0.5421875 0.509375 0.7234375 0.5578125
2 0.7140625 0.1671875 0.321875 0.09375
0 0.6109375 0.225 0.09609375 0.11328125
0 0.4640625 0.478125 0.1109375 0.0484375
0 0.6609375 0.66328125 0.08671875 0.03828125
0 0.75390625 0.65625 0.07421875 0.0484375
0 0.55390625 0.7203125 0.0796875 0.05078125
0 0.55546875 0.81953125 0.09140625 0.0671875
0 0.5765625 0.8953125 0.10546875 0.05078125