1 0.08515625 0.25234375 0.07421875 0.27421875
1 0.08671875 0.58203125 0.02890625 0.259375
1 0.921875 0.1671875 0.05546875 0.2671875
2 0.9640625 0.203125 0.071875 0.40625
2 0.8265625 0.5640625 0.34609375 0.30546875
2 0.265625 0.2234375 0.40625 0.446875
2 0.203125 0.64765625 0.2234375 0.42578125
2 0.38203125 0.7078125 0.1390625 0.2953125
2 0.6125 0.446875 0.725 0.89375
0 0.87109375 0.384375 0.09375 0.1203125
0 0.91953125 0.35234375 0.1609375 0.12265625
0 0.63671875 0.5578125 0.09609375 0.10546875
0 0.36328125 0.3859375 0.071875 0.11328125
0 0.28828125 0.48828125 0.08203125 0.09609375
0 0.4734375 0.6828125 0.09140625 0.10546875