1 0.08203125 0.2859375 0.0625 0.2640625
1 0.0828125 0.60234375 0.06484375 0.24296875
1 0.87890625 0.20703125 0.0171875 0.259375
2 0.9265625 0.2390625 0.09375 0.3921875
2 0.80078125 0.5875 0.35546875 0.30546875
1 0.96640625 0.58671875 0.02421875 0.22578125
2 0.2546875 0.2546875 0.384375 0.4375
2 0.19453125 0.66484375 0.2640625 0.42578125
2 0.3640625 0.72265625 0.1703125 0.2859375
2 0.58671875 0.46171875 0.65859375 0.865625
0 0.83046875 0.41328125 0.0890625 0.115625
0 0.87734375 0.38359375 0.14453125 0.103125
0 0.6078125 0.5796875 0.08671875 0.10078125
0 0.34609375 0.41484375 0.071875 0.1078125
0 0.275 0.51328125 0.06484375 0.084375
0 0.4515625 0.6984375 0.08203125 0.0984375