1 0.84140625 0.2328125 0.01953125 0.27890625
1 0.8390625 0.8015625 0.0140625 0.2234375
1 0.009375 0.5953125 0.0140625 0.228125
1 0.0921875 0.025 0.12265625 0.0453125
2 0.16484375 0.240625 0.2953125 0.365625
2 0.18515625 0.62734375 0.33671875 0.35546875
2 0.3953125 0.56640625 0.1515625 0.4734375
2 0.39453125 0.18125 0.14921875 0.26171875
2 0.65390625 0.2921875 0.35546875 0.46875
2 0.89921875 0.2859375 0.10546875 0.46640625
2 0.6546875 0.75 0.353125 0.4328125
0 0.865625 0.428125 0.0671875 0.10546875
0 0.43046875 0.82578125 0.0578125 0.24765625
0 0.50234375 0.603125 0.0625 0.10078125
0 0.5015625 0.4578125 0.06484375 0.1078125
0 0.4046875 0.37890625 0.06015625 0.12734375
0 0.29296875 0.375 0.053125 0.09609375
0 0.29296875 0.4953125 0.0578125 0.09140625