1 0.0625 0.25390625 0.0484375 0.19921875
1 0.0625 0.46484375 0.0484375 0.0890625
1 0.05859375 0.6703125 0.07421875 0.20703125
1 0.971875 0.22265625 0.05625 0.3453125
1 0.97109375 0.55078125 0.0578125 0.1875
2 0.25390625 0.1765625 0.3578125 0.353125
2 0.16015625 0.4640625 0.18984375 0.20703125
2 0.334375 0.46171875 0.178125 0.1921875
2 0.24765625 0.71171875 0.365625 0.3265625
2 0.6921875 0.34609375 0.53828125 0.6921875
0 0.453125 0.5046875 0.0796875 0.09140625
0 0.40625 0.29296875 0.09140625 0.10546875
0 0.1765625 0.33046875 0.06953125 0.09375
0 0.178125 0.59609375 0.0625 0.09140625
0 0.38828125 0.6421875 0.0890625 0.1109375
0 0.48828125 0.71171875 0.08203125 0.2453125