1 0.05625 0.27421875 0.06484375 0.1921875
1 0.05625 0.4796875 0.0359375 0.0796875
1 0.053125 0.678125 0.04296875 0.196875
1 0.94375 0.24609375 0.06953125 0.334375
1 0.9421875 0.5625 0.0625 0.1828125
2 0.24296875 0.1984375 0.40390625 0.396875
2 0.1515625 0.478125 0.178125 0.2015625
2 0.32109375 0.47578125 0.17578125 0.1921875
2 0.23671875 0.7171875 0.3578125 0.31953125
2 0.66953125 0.36328125 0.5265625 0.678125
0 0.4359375 0.5171875 0.0796875 0.09140625
0 0.390625 0.3125 0.084375 0.10078125
0 0.16796875 0.3484375 0.0671875 0.09140625
0 0.1703125 0.60546875 0.0625 0.09140625
0 0.37265625 0.65 0.09140625 0.11328125
0 0.4703125 0.71875 0.09375 0.240625