1 0.0421875 0.28359375 0.06953125 0.2015625
1 0.04296875 0.4953125 0.053125 0.08671875
1 0.03828125 0.70078125 0.0625 0.2046875
1 0.953125 0.2546875 0.09375 0.34140625
1 0.95703125 0.58046875 0.04296875 0.18984375
2 0.2359375 0.20703125 0.35546875 0.35546875
2 0.140625 0.49375 0.19453125 0.2140625
2 0.31484375 0.49296875 0.1921875 0.20703125
2 0.228125 0.74140625 0.34609375 0.30078125
2 0.67421875 0.375 0.603125 0.7453125
0 0.43359375 0.53515625 0.07421875 0.0890625
0 0.38671875 0.321875 0.09609375 0.1109375
0 0.15859375 0.3609375 0.0625 0.09140625
0 0.15859375 0.6265625 0.0671875 0.09375
0 0.36796875 0.6734375 0.10546875 0.125
0 0.46875 0.74296875 0.10546875 0.25