2 0.1078125 0.0875 0.1296875 0.12734375
2 0.35 0.55390625 0.59375 0.771875
2 0.7921875 0.4546875 0.26171875 0.178125
2 0.796875 0.6671875 0.2859375 0.2328125
1 0.0421875 0.44453125 0.021875 0.26953125
1 0.0375 0.8328125 0.0265625 0.146875
1 0.2703125 0.9515625 0.084375 0.02421875
0 0.12265625 0.18359375 0.0671875 0.06953125
0 0.80390625 0.57421875 0.06015625 0.0625
0 0.62265625 0.5953125 0.0671875 0.06015625
0 0.68125 0.71640625 0.0796875 0.0578125
0 0.8453125 0.81875 0.06484375 0.06484375
2 0.55390625 0.725 0.18515625 0.12265625