1 0.303125 0.228125 0.240625 0.08203125
1 0.71484375 0.2296875 0.146875 0.03125
1 0.803125 0.87109375 0.14921875 0.0453125
1 0.27890625 0.8703125 0.14921875 0.02421875
2 0.5046875 0.55078125 0.8171875 0.625
2 0.2765625 0.734375 0.34609375 0.2765625
2 0.18984375 0.53828125 0.15390625 0.115625
2 0.375 0.5609375 0.1921875 0.18984375
2 0.76953125 0.7609375 0.2984375 0.24765625
2 0.7078125 0.6140625 0.146875 0.09375
2 0.85078125 0.615625 0.1203125 0.09140625
2 0.7703125 0.50625 0.2859375 0.1421875
2 0.509375 0.115625 0.83203125 0.22578125
0 0.51171875 0.196875 0.1296875 0.09140625
0 0.59140625 0.52265625 0.10546875 0.06484375
0 0.50859375 0.5671875 0.11328125 0.0671875
0 0.59140625 0.6046875 0.1109375 0.06484375
0 0.31640625 0.56875 0.11796875 0.06953125
0 0.40859375 0.68515625 0.10546875 0.0671875
0 0.834375 0.6828125 0.08203125 0.0578125
0 0.67578125 0.703125 0.1109375 0.07421875
0 0.571875 0.896875 0.10546875 0.09140625
2 0.6 0.92578125 0.30546875 0.10078125