1 0.29296875 0.2171875 0.25 0.05078125
1 0.70546875 0.21875 0.146875 0.04296875
1 0.79453125 0.8609375 0.1515625 0.03828125
1 0.2703125 0.859375 0.146875 0.05078125
2 0.49609375 0.53828125 0.8921875 0.7359375
2 0.26796875 0.7234375 0.36796875 0.3125
2 0.18125 0.52890625 0.1609375 0.1296875
2 0.36796875 0.55078125 0.178125 0.1734375
2 0.759375 0.75 0.2984375 0.25
2 0.69921875 0.603125 0.14453125 0.08671875
2 0.84140625 0.603125 0.1203125 0.09140625
2 0.76171875 0.4953125 0.28359375 0.14921875
2 0.5 0.12890625 0.83671875 0.25703125
0 0.50234375 0.1859375 0.1390625 0.1078125
0 0.58203125 0.51171875 0.1109375 0.0671875
0 0.5 0.55546875 0.1109375 0.0625
0 0.5828125 0.59375 0.1078125 0.0625
0 0.30625 0.5578125 0.11796875 0.071875
0 0.4 0.67421875 0.1078125 0.06953125
0 0.82421875 0.671875 0.08203125 0.06015625
0 0.6671875 0.6921875 0.1078125 0.0671875
0 0.5640625 0.8859375 0.103125 0.0890625
2 0.58984375 0.915625 0.31015625 0.14453125