1 0.8609375 0.2609375 0.04296875 0.209375
1 0.859375 0.6875 0.0265625 0.178125
1 0.06953125 0.25234375 0.02890625 0.16796875
2 0.19375 0.2953125 0.30078125 0.41796875
2 0.39453125 0.21171875 0.15390625 0.240625
2 0.921875 0.2859375 0.15625 0.41796875
2 0.665625 0.6671875 0.39921875 0.353125
2 0.58671875 0.2921875 0.5765625 0.478125
0 0.29296875 0.3890625 0.08203125 0.09609375
0 0.4078125 0.375 0.07421875 0.09609375
0 0.42890625 0.459375 0.05546875 0.10546875
0 0.88671875 0.415625 0.08203125 0.08671875
0 0.5625 0.540625 0.0625 0.10078125