1 0.8328125 0.26953125 0.05546875 0.20703125
1 0.83203125 0.69609375 0.03359375 0.18046875
1 0.04296875 0.2609375 0.02421875 0.1703125
2 0.1671875 0.303125 0.271875 0.40859375
2 0.36796875 0.2203125 0.16796875 0.24765625
2 0.9109375 0.2953125 0.178125 0.41796875
2 0.63828125 0.67578125 0.4015625 0.3609375
2 0.55859375 0.30078125 0.53125 0.40859375
0 0.2640625 0.396875 0.08203125 0.09609375
0 0.3796875 0.38203125 0.071875 0.09609375
0 0.4015625 0.4671875 0.071875 0.1078125
0 0.8609375 0.42421875 0.09609375 0.0984375
0 0.5359375 0.5484375 0.0625 0.10078125