1 0.8390625 0.27265625 0.03359375 0.2046875
1 0.8375 0.68515625 0.0265625 0.1734375
1 0.07421875 0.26328125 0.03828125 0.165625
2 0.19453125 0.30390625 0.26953125 0.396875
2 0.38828125 0.225 0.13671875 0.228125
2 0.91328125 0.296875 0.1734375 0.40625
2 0.65 0.66484375 0.4109375 0.37734375
2 0.57421875 0.303125 0.5578125 0.45703125
0 0.28828125 0.3953125 0.0765625 0.0890625
0 0.4 0.38203125 0.06953125 0.09609375
0 0.4203125 0.4640625 0.0625 0.10546875
0 0.865625 0.421875 0.08671875 0.09375
0 0.55078125 0.54296875 0.071875 0.10546875