1 0.93515625 0.4078125 0.0484375 0.21875
1 0.93359375 0.80390625 0.05546875 0.18046875
1 0.16796875 0.81484375 0.03828125 0.115625
1 0.1703125 0.2953125 0.08203125 0.259375
2 0.11640625 0.36875 0.1703125 0.50234375
2 0.321875 0.3765625 0.3796875 0.540625
2 0.73828125 0.79296875 0.39453125 0.3171875
2 0.63203125 0.53828125 0.64453125 0.8609375
2 0.2515625 0.7921875 0.17578125 0.31015625
2 0.18984375 0.49296875 0.071875 0.08203125
2 0.4515625 0.4828125 0.071875 0.09140625
2 0.3578125 0.77734375 0.0578125 0.0796875