1 0.946875 0.390625 0.071875 0.2140625
1 0.946875 0.7875 0.03359375 0.18515625
1 0.1828125 0.796875 0.04296875 0.11328125
1 0.1828125 0.27734375 0.0578125 0.2671875
2 0.1296875 0.35078125 0.14921875 0.509375
2 0.33515625 0.3578125 0.31953125 0.51953125
2 0.7515625 0.77421875 0.415625 0.35078125
2 0.6390625 0.51953125 0.72109375 0.90390625
2 0.2640625 0.775 0.21171875 0.31953125
2 0.203125 0.47578125 0.06484375 0.0765625
2 0.46484375 0.46640625 0.06015625 0.08671875
2 0.37109375 0.759375 0.05546875 0.0765625