1 0.93515625 0.40859375 0.053125 0.21171875
1 0.9328125 0.79296875 0.0578125 0.1734375
1 0.19140625 0.8015625 0.040625 0.11328125
1 0.1921875 0.29921875 0.0765625 0.25234375
2 0.1421875 0.3703125 0.16796875 0.4859375
2 0.33984375 0.3765625 0.37734375 0.5265625
2 0.74375 0.7796875 0.4015625 0.3390625
2 0.6390625 0.53359375 0.66796875 0.8609375
2 0.271875 0.7796875 0.1875 0.30546875
2 0.21171875 0.490625 0.0578125 0.071875
2 0.46484375 0.48046875 0.05546875 0.08671875
2 0.375 0.765625 0.0578125 0.07421875