1 0.275 0.24296875 0.1421875 0.03359375
1 0.63125 0.240625 0.09375 0.02421875
1 0.8140625 0.23828125 0.0796875 0.03828125
1 0.446875 0.84609375 0.02421875 0.01953125
1 0.3078125 0.84375 0.1296875 0.03359375
2 0.34765625 0.15859375 0.38203125 0.2015625
2 0.6109375 0.3734375 0.29296875 0.25234375
2 0.821875 0.3109375 0.14453125 0.1421875
2 0.796875 0.478125 0.19921875 0.21171875
2 0.509375 0.7640625 0.1921875 0.1734375
2 0.4328125 0.5453125 0.634375 0.66796875
0 0.40390625 0.2140625 0.0671875 0.071875
0 0.85546875 0.40390625 0.0671875 0.0671875
0 0.6609375 0.4796875 0.0625 0.06484375
0 0.671875 0.5421875 0.06953125 0.06015625
0 0.4640625 0.71484375 0.0671875 0.06484375
0 0.50859375 0.875 0.07421875 0.08203125