2 0.72265625 0.2171875 0.44921875 0.3390625
1 0.9375 0.21875 0.04296875 0.14921875
1 0.93984375 0.5171875 0.04296875 0.1390625
1 0.94375 0.790625 0.0265625 0.14921875
1 0.178125 0.5171875 0.03828125 0.25
2 0.10078125 0.56015625 0.15390625 0.3890625
2 0.5625 0.64453125 0.83671875 0.6828125
2 0.85234375 0.790625 0.18046875 0.25
2 0.69375 0.7171875 0.13671875 0.11328125
0 0.65859375 0.3328125 0.0671875 0.084375
0 0.178125 0.6765625 0.14453125 0.0984375
0 0.5453125 0.9203125 0.0671875 0.15859375
0 0.69375 0.79453125 0.0453125 0.06953125
0 0.77890625 0.81640625 0.0578125 0.06015625