2 0.41484375 0.7328125 0.103125 0.08203125
2 0.415625 0.84609375 0.1296875 0.14921875
2 0.509375 0.84375 0.10546875 0.1390625
2 0.72578125 0.27265625 0.303125 0.11328125
2 0.80078125 0.44453125 0.134375 0.22109375
2 0.80546875 0.66484375 0.14453125 0.19921875
1 0.6765625 0.7703125 0.084375 0.03125
1 0.77421875 0.7703125 0.08671875 0.0359375
1 0.77734375 0.328125 0.084375 0.021875
1 0.62734375 0.32421875 0.10078125 0.01953125
1 0.44921875 0.2453125 0.1203125 0.03828125
2 0.43046875 0.4859375 0.1296875 0.071875
2 0.4125 0.540625 0.09375 0.0625
2 0.41484375 0.63359375 0.1078125 0.11796875
2 0.521875 0.75 0.10546875 0.0625
2 0.65859375 0.68984375 0.1734375 0.178125
2 0.52265625 0.6828125 0.12734375 0.0765625
2 0.546875 0.4484375 0.3921875 0.42578125
2 0.6203125 0.15390625 0.52890625 0.27421875
0 0.74609375 0.53828125 0.05078125 0.03828125
0 0.7453125 0.58671875 0.0484375 0.02890625
0 0.4859375 0.834375 0.03828125 0.03359375
0 0.5265625 0.7359375 0.04296875 0.04296875
0 0.5265625 0.6734375 0.04296875 0.04296875
0 0.43984375 0.67890625 0.02421875 0.03125
0 0.47734375 0.62890625 0.0453125 0.0359375
0 0.47265625 0.53515625 0.03125 0.03125
0 0.6609375 0.5953125 0.03828125 0.0359375
0 0.62890625 0.53359375 0.05078125 0.0484375
0 0.509375 0.4953125 0.03359375 0.02890625
0 0.5875 0.29453125 0.05078125 0.0359375