2 0.41484375 0.73046875 0.103125 0.08203125
2 0.415625 0.84375 0.115625 0.1390625
2 0.509375 0.8421875 0.10078125 0.1421875
2 0.72734375 0.26796875 0.30546875 0.0984375
2 0.8015625 0.44140625 0.15625 0.2328125
2 0.80546875 0.6625 0.14453125 0.19921875
1 0.678125 0.76796875 0.08671875 0.0265625
1 0.7765625 0.76796875 0.09140625 0.0265625
1 0.7796875 0.32421875 0.084375 0.03359375
1 0.62734375 0.32109375 0.10078125 0.021875
1 0.44921875 0.24140625 0.125 0.021875
2 0.43046875 0.4828125 0.1296875 0.0578125
2 0.4125 0.53828125 0.0890625 0.053125
2 0.41484375 0.63125 0.0984375 0.11328125
2 0.521875 0.74765625 0.10546875 0.0625
2 0.66015625 0.6859375 0.17578125 0.18046875
2 0.52265625 0.68046875 0.12734375 0.0765625
2 0.546875 0.44453125 0.4015625 0.4375
2 0.6203125 0.14921875 0.51953125 0.196875
0 0.74765625 0.53515625 0.0484375 0.0359375
0 0.74609375 0.584375 0.0453125 0.02890625
0 0.4859375 0.83046875 0.04296875 0.0359375
0 0.5265625 0.7328125 0.0484375 0.0484375
0 0.5265625 0.6703125 0.04296875 0.0484375
0 0.43984375 0.6765625 0.02421875 0.03125
0 0.478125 0.6265625 0.04296875 0.0359375
0 0.4734375 0.53125 0.02890625 0.02421875
0 0.6609375 0.5921875 0.03828125 0.040625
0 0.62890625 0.5296875 0.0453125 0.040625
0 0.509375 0.49296875 0.02890625 0.02421875
0 0.5890625 0.28984375 0.053125 0.0359375