1 0.16796875 0.88125 0.071875 0.03125
1 0.48828125 0.875 0.1109375 0.04296875
1 0.44609375 0.11328125 0.0890625 0.03359375
1 0.81953125 0.11171875 0.08203125 0.0265625
1 0.8109375 0.88203125 0.11328125 0.02421875
2 0.18515625 0.4953125 0.3703125 0.7640625
2 0.5015625 0.49609375 0.34375 0.75234375
2 0.5921875 0.19921875 0.09375 0.1390625
2 0.728125 0.240625 0.134375 0.240625
2 0.86328125 0.28515625 0.178125 0.32421875
2 0.81953125 0.44921875 0.2640625 0.16796875
2 0.8171875 0.7046875 0.3078125 0.35546875
0 0.5875 0.0828125 0.06015625 0.1078125
0 0.5875 0.23671875 0.06015625 0.084375
0 0.25625 0.2453125 0.0359375 0.0484375
0 0.25703125 0.38671875 0.04296875 0.053125
0 0.58203125 0.8765625 0.09140625 0.1609375
0 0.71484375 0.56953125 0.05546875 0.08671875
0 0.74765625 0.39921875 0.0484375 0.08203125
0 0.79453125 0.4125 0.05078125 0.06953125