1 0.16953125 0.88203125 0.06953125 0.02890625
1 0.490625 0.87734375 0.1109375 0.02421875
1 0.4484375 0.1109375 0.0890625 0.03828125
1 0.82421875 0.1078125 0.08203125 0.02421875
1 0.81640625 0.884375 0.11328125 0.04296875
2 0.18515625 0.4953125 0.34609375 0.76953125
2 0.5046875 0.49609375 0.365625 0.75703125
2 0.59609375 0.196875 0.09609375 0.14453125
2 0.73046875 0.23828125 0.1203125 0.2453125
2 0.8703125 0.2828125 0.23046875 0.34375
2 0.82421875 0.4484375 0.27890625 0.18984375
2 0.8234375 0.7046875 0.30546875 0.35546875
0 0.59140625 0.0796875 0.0578125 0.1109375
0 0.59140625 0.234375 0.0578125 0.084375
0 0.25703125 0.24375 0.04296875 0.05078125
0 0.25859375 0.3859375 0.05546875 0.06015625
0 0.58515625 0.87890625 0.07421875 0.15625
0 0.71875 0.56953125 0.053125 0.08671875
0 0.7515625 0.396875 0.05078125 0.08203125
0 0.80078125 0.4109375 0.0578125 0.071875