1 0.83046875 0.88671875 0.05546875 0.03359375
1 0.7234375 0.88671875 0.09140625 0.03828125
1 0.5734375 0.884375 0.1078125 0.03828125
1 0.28828125 0.8796875 0.115625 0.03359375
1 0.1 0.88359375 0.06953125 0.040625
1 0.04296875 0.603125 0.01953125 0.03359375
1 0.1203125 0.2640625 0.09609375 0.03359375
1 0.75390625 0.275 0.0890625 0.0359375
1 0.56875 0.2703125 0.0890625 0.0359375
2 0.8125 0.1609375 0.16328125 0.22109375
2 0.5796875 0.42578125 0.21640625 0.303125
1 0.4890625 0.4421875 0.0265625 0.10546875
1 0.48828125 0.6109375 0.02421875 0.02890625
2 0.578125 0.72109375 0.17578125 0.3078125
2 0.72109375 0.728125 0.134375 0.3125
2 0.83046875 0.81015625 0.12265625 0.14921875
2 0.8296875 0.64921875 0.10546875 0.16796875
2 0.740625 0.4203125 0.3078125 0.321875
2 0.36875 0.14765625 0.1703125 0.2328125
2 0.375 0.34140625 0.134375 0.14453125
2 0.37734375 0.48828125 0.125 0.14921875
2 0.39453125 0.7984375 0.08671875 0.14453125
2 0.2453125 0.57421875 0.490625 0.64453125
0 0.27734375 0.13359375 0.06484375 0.0890625
0 0.1984375 0.22578125 0.06015625 0.1203125
0 0.38125 0.446875 0.05546875 0.08671875
0 0.38125 0.5984375 0.05546875 0.09140625
0 0.3796875 0.76953125 0.0625 0.10546875
0 0.3796875 0.9203125 0.0625 0.1109375
0 0.584375 0.5171875 0.0578125 0.08671875
0 0.63828125 0.6046875 0.06015625 0.0890625
0 0.7546875 0.6078125 0.0625 0.10078125
0 0.8296875 0.53359375 0.0625 0.09609375
0 0.8296875 0.23671875 0.0625 0.1078125
0 0.8171875 0.69921875 0.04296875 0.08203125