2 0.64765625 0.4953125 0.51171875 0.28359375
0 0.44375 0.67890625 0.103125 0.09375
0 0.6140625 0.6390625 0.0984375 0.1296875
2 0.30078125 0.87890625 0.1828125 0.2328125
1 0.16953125 0.0265625 0.06484375 0.02890625
1 0.3921875 0.02421875 0.1390625 0.04296875
1 0.6765625 0.02890625 0.13671875 0.02421875
1 0.14765625 0.640625 0.13671875 0.0453125
1 0.75234375 0.64296875 0.16796875 0.021875
2 0.615625 0.1921875 0.6109375 0.375
2 0.40234375 0.1390625 0.31015625 0.21171875
2 0.2046875 0.1890625 0.2640625 0.34375
2 0.228125 0.49140625 0.3265625 0.30078125
0 0.34609375 0.43046875 0.09609375 0.0671875
0 0.4640625 0.28125 0.09140625 0.071875
0 0.56484375 0.2859375 0.10078125 0.071875
0 0.36171875 0.28125 0.084375 0.053125
0 0.2015625 0.18359375 0.071875 0.05078125
0 0.43125 0.553125 0.0890625 0.0625
0 0.428125 0.8078125 0.10078125 0.0671875