2 0.6421875 0.4828125 0.53359375 0.29296875
0 0.43046875 0.6734375 0.1109375 0.09609375
0 0.60546875 0.63203125 0.10546875 0.134375
2 0.2828125 0.87734375 0.19921875 0.2453125
1 0.146875 0.00703125 0.0671875 0.0140625
1 0.3765625 0.0046875 0.146875 0.009375
1 0.6703125 0.00625 0.14453125 0.01171875
1 0.1265625 0.634375 0.1421875 0.053125
1 0.75 0.63671875 0.1734375 0.03828125
2 0.6078125 0.19140625 0.6390625 0.38203125
2 0.38828125 0.1234375 0.3484375 0.246875
2 0.1828125 0.17421875 0.29296875 0.3484375
2 0.209375 0.48046875 0.3265625 0.2984375
0 0.33046875 0.4171875 0.0984375 0.06953125
0 0.45078125 0.26328125 0.09375 0.07421875
0 0.55546875 0.26953125 0.10078125 0.0625
0 0.3484375 0.2640625 0.08203125 0.0484375
0 0.18125 0.16328125 0.0796875 0.0578125
0 0.41953125 0.54296875 0.0890625 0.0625
0 0.41484375 0.8078125 0.0984375 0.0578125