2 0.640625 0.48828125 0.55546875 0.365625
0 0.43046875 0.6765625 0.10078125 0.0890625
0 0.60546875 0.6359375 0.09609375 0.12734375
2 0.28359375 0.8796875 0.1921875 0.240625
1 0.14921875 0.00859375 0.0671875 0.0171875
1 0.3765625 0.01328125 0.1421875 0.0265625
1 0.66875 0.0140625 0.1375 0.028125
1 0.1296875 0.63671875 0.14453125 0.02890625
1 0.74765625 0.6421875 0.16796875 0.0484375
2 0.60546875 0.19609375 0.6390625 0.3921875
2 0.38828125 0.1234375 0.3359375 0.246875
2 0.1875 0.17421875 0.259375 0.34375
2 0.21171875 0.4859375 0.3265625 0.2984375
0 0.33203125 0.421875 0.09609375 0.06953125
0 0.45078125 0.26796875 0.09375 0.0796875
0 0.55546875 0.27421875 0.09609375 0.0625
0 0.34765625 0.26953125 0.084375 0.053125
0 0.18359375 0.16953125 0.0796875 0.05546875
0 0.41953125 0.546875 0.09375 0.06953125
0 0.415625 0.81015625 0.10078125 0.071875