2 0.696875 0.22265625 0.365625 0.42578125
2 0.32421875 0.475 0.58203125 0.93046875
2 0.25859375 0.5484375 0.2765625 0.2546875
2 0.25859375 0.79921875 0.2765625 0.24765625
2 0.92890625 0.0953125 0.11796875 0.1515625
1 0.86875 0.26171875 0.040625 0.14921875
1 0.10703125 0.17421875 0.0359375 0.103125
1 0.10703125 0.5640625 0.0359375 0.1078125
1 0.10546875 0.8171875 0.0484375 0.10546875
0 0.48203125 0.95546875 0.0890625 0.0890625
0 0.4375 0.83515625 0.09609375 0.07421875
0 0.4390625 0.58671875 0.103125 0.08203125
0 0.478125 0.22109375 0.08203125 0.08671875
0 0.57421875 0.303125 0.115625 0.1390625
0 0.90234375 0.10078125 0.103125 0.0671875