2 0.6921875 0.22109375 0.3609375 0.4234375
2 0.31015625 0.48046875 0.4953125 0.9328125
2 0.24375 0.55546875 0.2859375 0.2640625
2 0.24296875 0.81015625 0.303125 0.27421875
2 0.92890625 0.09140625 0.1078125 0.14921875
1 0.8703125 0.26171875 0.0484375 0.14921875
1 0.0890625 0.1734375 0.0484375 0.10546875
1 0.0875 0.57109375 0.03125 0.11328125
1 0.0875 0.83046875 0.040625 0.1078125
0 0.47109375 0.9625 0.09140625 0.07421875
0 0.4265625 0.84765625 0.0984375 0.0796875
0 0.428125 0.59375 0.09609375 0.071875
0 0.46875 0.22109375 0.08671875 0.09140625
0 0.56484375 0.303125 0.125 0.14453125
0 0.9015625 0.09765625 0.10546875 0.07421875