1 0.0375 0.05078125 0.040625 0.02421875
1 0.0890625 0.04921875 0.04296875 0.03125
1 0.1421875 0.05078125 0.03828125 0.02421875
1 0.1875 0.05078125 0.03828125 0.03359375
1 0.00703125 0.4203125 0.0140625 0.08203125
1 0.2140625 0.36875 0.0140625 0.0890625
1 0.26171875 0.428125 0.0578125 0.04296875
1 0.47265625 0.51171875 0.03125 0.14453125
1 0.3140625 0.4265625 0.021875 0.021875
1 0.3453125 0.4265625 0.03125 0.0265625
1 0.00703125 0.6 0.009375 0.03125
1 0.00625 0.7296875 0.01171875 0.103125
1 0.5046875 0.71484375 0.01953125 0.1078125
1 0.7328125 0.77890625 0.0140625 0.02421875
1 0.75 0.7765625 0.009375 0.01953125
1 0.80390625 0.7765625 0.021875 0.01953125
1 0.834375 0.7765625 0.02890625 0.02890625
1 0.50625 0.53359375 0.0171875 0.08671875
1 0.5046875 0.3421875 0.03828125 0.1078125
1 0.53125 0.05078125 0.04296875 0.03359375
1 0.578125 0.053125 0.040625 0.02890625
1 0.678125 0.04921875 0.08203125 0.0265625
1 0.71875 0.3171875 0.02421875 0.08671875
1 0.75703125 0.43515625 0.053125 0.03359375
1 0.82109375 0.43359375 0.0453125 0.0265625
2 0.790625 0.34609375 0.14921875 0.16796875
0 0.603125 0.625 0.03828125 0.0578125
0 0.6390625 0.6203125 0.02890625 0.0578125
0 0.7046875 0.5609375 0.02890625 0.05546875
0 0.6125 0.0296875 0.028125 0.059375
0 0.828125 0.625 0.040625 0.0578125
0 0.803125 0.6921875 0.02890625 0.053125
0 0.66953125 0.803125 0.03125 0.0625
0 0.32109375 0.6296875 0.03125 0.0578125
0 0.25625 0.625 0.03125 0.0578125
0 0.1765625 0.40390625 0.0359375 0.0625
0 0.228125 0.2921875 0.03359375 0.0453125
0 0.0890625 0.35546875 0.03359375 0.0625
2 0.11875 0.21640625 0.2375 0.3390625
2 0.3328125 0.72109375 0.0890625 0.1109375
2 0.3296875 0.5171875 0.08203125 0.16796875
2 0.25234375 0.51796875 0.08203125 0.1609375
2 0.040625 0.50859375 0.071875 0.25234375
2 0.18984375 0.615625 0.375 0.47578125
2 0.23203125 0.6890625 0.040625 0.05078125
2 0.421875 0.5484375 0.1515625 0.3609375
2 0.9171875 0.59140625 0.165625 0.5046875
2 0.80625 0.7390625 0.03125 0.0453125
2 0.7921875 0.603125 0.1515625 0.321875
2 0.6109375 0.4125 0.28359375 0.71875
2 0.55859375 0.52734375 0.11796875 0.18046875
2 0.5515625 0.725 0.11796875 0.21875
2 0.65234375 0.8140625 0.0984375 0.06953125