1 0.05859375 0.0953125 0.040625 0.0265625
1 0.1078125 0.09375 0.04296875 0.02890625
1 0.16015625 0.0953125 0.0359375 0.021875
1 0.2046875 0.09609375 0.03828125 0.03359375
1 0.02890625 0.4546875 0.02421875 0.0765625
1 0.2296875 0.40390625 0.021875 0.08671875
1 0.2765625 0.46171875 0.053125 0.03359375
1 0.4796875 0.5421875 0.040625 0.1421875
1 0.3265625 0.459375 0.01953125 0.02421875
1 0.35546875 0.459375 0.02890625 0.02890625
1 0.0296875 0.62734375 0.0171875 0.03359375
1 0.02890625 0.75234375 0.0140625 0.10078125
1 0.51171875 0.7390625 0.02421875 0.1078125
1 0.7328125 0.80078125 0.009375 0.02421875
1 0.7484375 0.80078125 0.00703125 0.01953125
1 0.8015625 0.7984375 0.021875 0.01953125
1 0.83046875 0.79921875 0.021875 0.0265625
1 0.51171875 0.5625 0.0140625 0.08671875
1 0.51171875 0.3796875 0.02421875 0.1109375
1 0.5375 0.0953125 0.040625 0.0265625
1 0.58203125 0.09765625 0.03828125 0.0265625
1 0.678125 0.09375 0.0765625 0.02890625
1 0.71875 0.353125 0.01953125 0.08203125
1 0.75625 0.4671875 0.05078125 0.03125
1 0.81875 0.46640625 0.0453125 0.02421875
2 0.78828125 0.38203125 0.134375 0.15390625
0 0.60546875 0.6515625 0.03359375 0.053125
0 0.6421875 0.646875 0.02421875 0.0578125
0 0.70546875 0.58984375 0.0359375 0.05546875
0 0.61796875 0.071875 0.03359375 0.0625
0 0.82421875 0.6515625 0.03828125 0.053125
0 0.80078125 0.7171875 0.02421875 0.05078125
0 0.6703125 0.82421875 0.03828125 0.0625
0 0.334375 0.65625 0.02421875 0.053125
0 0.2703125 0.6515625 0.03125 0.0578125
0 0.19453125 0.4359375 0.03828125 0.06015625
0 0.24375 0.3296875 0.0359375 0.04296875
0 0.10703125 0.390625 0.03125 0.06015625
2 0.1296875 0.25703125 0.23046875 0.321875
2 0.3453125 0.74375 0.084375 0.103125
2 0.3421875 0.546875 0.09375 0.165625
2 0.2671875 0.5484375 0.08203125 0.15390625
2 0.0625 0.53828125 0.1109375 0.2453125
2 0.20703125 0.6421875 0.365625 0.46640625
2 0.24765625 0.7125 0.03828125 0.0453125
2 0.43125 0.5765625 0.146875 0.35078125
2 0.91796875 0.61875 0.15390625 0.48828125
2 0.80390625 0.76171875 0.03125 0.04296875
2 0.790625 0.6296875 0.196875 0.3265625
2 0.6140625 0.44453125 0.21875 0.6875
2 0.5640625 0.55625 0.11328125 0.17578125
2 0.5578125 0.7484375 0.08671875 0.2046875
2 0.6546875 0.834375 0.09375 0.0671875