1 0.053125 0.08046875 0.03828125 0.0265625
1 0.10234375 0.0796875 0.040625 0.02421875
1 0.15390625 0.08046875 0.03828125 0.021875
1 0.1984375 0.08046875 0.040625 0.03125
1 0.02265625 0.43984375 0.0265625 0.0765625
1 0.2234375 0.3890625 0.02421875 0.08671875
1 0.26953125 0.44453125 0.053125 0.03828125
1 0.4734375 0.5265625 0.02890625 0.14453125
1 0.321875 0.44453125 0.01953125 0.02421875
1 0.35 0.44453125 0.03125 0.02890625
1 0.02265625 0.61171875 0.01171875 0.03125
1 0.02265625 0.73828125 0.01171875 0.10078125
1 0.50625 0.725 0.03125 0.103125
1 0.72734375 0.7859375 0.01171875 0.02421875
1 0.74296875 0.78359375 0.009375 0.01953125
1 0.7953125 0.78359375 0.02421875 0.01953125
1 0.82421875 0.78359375 0.02421875 0.02421875
1 0.50625 0.546875 0.0171875 0.084375
1 0.50625 0.3640625 0.03125 0.1078125
1 0.5296875 0.0796875 0.040625 0.02890625
1 0.5765625 0.0828125 0.03828125 0.021875
1 0.671875 0.0796875 0.0796875 0.03359375
1 0.7125 0.3390625 0.021875 0.08203125
1 0.75 0.4515625 0.0484375 0.02890625
1 0.8125 0.4515625 0.04296875 0.01953125
2 0.78125 0.36640625 0.1296875 0.1515625
0 0.6 0.63671875 0.03125 0.053125
0 0.6359375 0.63125 0.03125 0.05546875
0 0.69921875 0.57578125 0.03359375 0.05546875
0 0.61171875 0.0578125 0.0265625 0.0625
0 0.81875 0.6359375 0.040625 0.05546875
0 0.79296875 0.7015625 0.02890625 0.0484375
0 0.66484375 0.81015625 0.0359375 0.0625
0 0.328125 0.6421875 0.0265625 0.053125
0 0.2640625 0.63671875 0.03359375 0.0578125
0 0.1875 0.421875 0.03828125 0.06015625
0 0.23828125 0.31484375 0.03359375 0.04296875
0 0.10078125 0.375 0.02421875 0.0578125
2 0.12265625 0.24296875 0.2359375 0.321875
2 0.3390625 0.728125 0.0765625 0.10078125
2 0.33515625 0.5328125 0.0796875 0.1609375
2 0.2609375 0.5328125 0.09375 0.1609375
2 0.05546875 0.52421875 0.08671875 0.25
2 0.20078125 0.62734375 0.37734375 0.47578125
2 0.24296875 0.6984375 0.03828125 0.0453125
2 0.42421875 0.5625 0.1515625 0.35078125
2 0.9125 0.6046875 0.1515625 0.48828125
2 0.7984375 0.74765625 0.03359375 0.04296875
2 0.7828125 0.615625 0.18046875 0.3265625
2 0.6078125 0.43046875 0.259375 0.696875
2 0.5578125 0.5421875 0.1203125 0.17578125
2 0.5515625 0.7328125 0.12265625 0.21640625
2 0.64921875 0.81875 0.09140625 0.06484375