2 0.75625 0.74296875 0.4203125 0.33671875
2 0.74296875 0.44453125 0.41328125 0.303125
2 0.79296875 0.1625 0.3265625 0.31953125
2 0.55078125 0.15625 0.1875 0.2984375
2 0.36796875 0.10546875 0.196875 0.1921875
2 0.1890625 0.62109375 0.37734375 0.3578125
2 0.2203125 0.853125 0.30546875 0.16796875
2 0.4109375 0.55546875 0.375 0.75
1 0.2859375 0.19609375 0.0484375 0.05078125
1 0.31484375 0.27421875 0.0484375 0.04296875
1 0.30546875 0.3453125 0.04296875 0.0453125
1 0.95078125 0.16953125 0.06015625 0.13671875
1 0.953125 0.43046875 0.05546875 0.14453125
1 0.9625 0.6609375 0.07421875 0.0765625
1 0.978125 0.74296875 0.04296875 0.09609375
1 0.96484375 0.8125 0.06953125 0.071875
1 0.0453125 0.6671875 0.0578125 0.0984375
1 0.05078125 0.83046875 0.04296875 0.05078125
0 0.0875 0.525 0.165625 0.1609375
0 0.11328125 0.73671875 0.0765625 0.06015625
0 0.0890625 0.896875 0.0484375 0.053125
0 0.25234375 0.5109375 0.053125 0.05078125
0 0.334375 0.46875 0.08203125 0.10546875
0 0.8078125 0.2859375 0.10078125 0.08203125
0 0.7015625 0.5625 0.10546875 0.0671875
0 0.56640625 0.74296875 0.09375 0.10078125
0 0.39921875 0.821875 0.09609375 0.08203125
0 0.41953125 0.92265625 0.0828125 0.1546875
0 0.4328125 0.22734375 0.0484375 0.05078125
0 0.415625 0.271875 0.071875 0.0625