2 0.74296875 0.74765625 0.41796875 0.33203125
2 0.728125 0.44375 0.4375 0.3390625
2 0.77890625 0.1546875 0.3203125 0.309375
2 0.53203125 0.15 0.1890625 0.3
2 0.3453125 0.10234375 0.21875 0.2046875
2 0.178125 0.62109375 0.35546875 0.36796875
2 0.19609375 0.8609375 0.31953125 0.20703125
2 0.390625 0.55546875 0.36328125 0.7640625
1 0.26328125 0.18984375 0.05078125 0.0484375
1 0.29296875 0.26953125 0.053125 0.04296875
1 0.2828125 0.34140625 0.05078125 0.0484375
1 0.9421875 0.1625 0.0484375 0.1421875
1 0.94453125 0.428125 0.0671875 0.14921875
1 0.95859375 0.66484375 0.0828125 0.0765625
1 0.971875 0.746875 0.05625 0.1
1 0.9578125 0.82109375 0.07421875 0.07421875
1 0.0203125 0.66953125 0.040625 0.0984375
1 0.02421875 0.8375 0.04296875 0.05546875
0 0.071875 0.52421875 0.14375 0.1609375
0 0.08671875 0.74140625 0.08203125 0.06484375
0 0.0625 0.9046875 0.0484375 0.05078125
0 0.228125 0.5109375 0.053125 0.0453125
0 0.3125 0.46875 0.071875 0.10546875
0 0.79453125 0.28125 0.103125 0.08203125
0 0.6875 0.5640625 0.1109375 0.07421875
0 0.54921875 0.7484375 0.084375 0.0984375
0 0.37890625 0.828125 0.09375 0.07421875
0 0.39921875 0.925 0.0890625 0.15
0 0.4125 0.22109375 0.05546875 0.0578125
0 0.39453125 0.2671875 0.071875 0.0625