1 0.93359375 0.3734375 0.040625 0.15625
1 0.93125 0.6234375 0.05078125 0.1421875
1 0.22578125 0.63125 0.03828125 0.165625
2 0.16484375 0.3140625 0.1078125 0.32421875
1 0.22734375 0.29921875 0.040625 0.17578125
2 0.39921875 0.4671875 0.33671875 0.646875
2 0.57109375 0.5765625 0.31484375 0.46640625
2 0.796875 0.64453125 0.28125 0.3125
2 0.7953125 0.321875 0.28359375 0.3609375
2 0.615625 0.2546875 0.115625 0.21640625
2 0.50625 0.68125 0.1421875 0.21875
0 0.509375 0.553125 0.0484375 0.0671875
0 0.2203125 0.428125 0.09375 0.0765625
0 0.6234375 0.39296875 0.06015625 0.0796875
0 0.5453125 0.428125 0.0671875 0.09609375
0 0.68515625 0.4234375 0.0484375 0.0671875
0 0.68359375 0.571875 0.06484375 0.071875
0 0.61640625 0.8078125 0.0453125 0.1109375
0 0.428125 0.53984375 0.0578125 0.06484375