1 0.9359375 0.3609375 0.03125 0.16328125
1 0.93359375 0.62109375 0.040625 0.1515625
1 0.19375 0.6296875 0.0265625 0.1734375
2 0.1296875 0.296875 0.1734375 0.353125
1 0.19609375 0.28125 0.06015625 0.178125
2 0.3765625 0.4578125 0.396875 0.69453125
2 0.55546875 0.5734375 0.2984375 0.478125
2 0.79296875 0.64296875 0.28828125 0.32421875
2 0.7921875 0.30546875 0.271875 0.3609375
2 0.603125 0.234375 0.1109375 0.2234375
2 0.48828125 0.6828125 0.1203125 0.21640625
0 0.49140625 0.5484375 0.05078125 0.071875
0 0.1890625 0.415625 0.103125 0.08671875
0 0.61171875 0.3796875 0.06015625 0.08203125
0 0.5296875 0.415625 0.05546875 0.09140625
0 0.67578125 0.4109375 0.053125 0.0671875
0 0.67578125 0.5671875 0.0625 0.071875
0 0.6046875 0.81484375 0.05546875 0.1203125
0 0.40625 0.53359375 0.053125 0.0625