1 0.93046875 0.3796875 0.053125 0.14921875
1 0.92890625 0.62734375 0.0265625 0.14453125
1 0.2296875 0.634375 0.0359375 0.16328125
2 0.16953125 0.32109375 0.11328125 0.32421875
1 0.23203125 0.3078125 0.0265625 0.1734375
2 0.4015625 0.47265625 0.4375 0.6703125
2 0.57109375 0.58046875 0.2671875 0.44453125
2 0.7953125 0.646875 0.27890625 0.3125
2 0.79296875 0.3296875 0.3125 0.375
2 0.61640625 0.26171875 0.1078125 0.21640625
2 0.50703125 0.68359375 0.134375 0.2140625
0 0.51171875 0.5578125 0.0484375 0.0671875
0 0.225 0.43359375 0.09375 0.0796875
0 0.6234375 0.39921875 0.05546875 0.0765625
0 0.5484375 0.43359375 0.0671875 0.09375
0 0.68515625 0.428125 0.04296875 0.0625
0 0.68359375 0.57578125 0.06015625 0.06953125
0 0.61640625 0.80859375 0.06484375 0.11328125
0 0.43046875 0.54453125 0.0578125 0.06484375