2 0.3234375 0.13203125 0.478125 0.1875
1 0.290625 0.2296875 0.26953125 0.084375
1 0.7140625 0.23046875 0.196875 0.03828125
1 0.259375 0.8921875 0.1921875 0.0484375
2 0.32109375 0.5609375 0.55078125 0.68515625
2 0.740625 0.77734375 0.33671875 0.21875
2 0.771875 0.609375 0.25 0.146875
2 0.734375 0.3890625 0.3390625 0.28828125
0 0.4953125 0.23046875 0.15859375 0.178125
0 0.62265625 0.44140625 0.1390625 0.06953125
0 0.71171875 0.70703125 0.09609375 0.08203125
0 0.51328125 0.72109375 0.13671875 0.09140625
0 0.48828125 0.8171875 0.14921875 0.10546875
0 0.478125 0.9328125 0.16328125 0.134375
1 0.6890625 0.88671875 0.05078125 0.03828125