2 0.31953125 0.125 0.4859375 0.20703125
1 0.2875 0.22109375 0.2765625 0.02890625
1 0.7125 0.2234375 0.19921875 0.0578125
1 0.2546875 0.88671875 0.196875 0.02890625
2 0.3171875 0.55390625 0.5140625 0.665625
2 0.7390625 0.77265625 0.34375 0.228125
2 0.7703125 0.60234375 0.25703125 0.1703125
2 0.7328125 0.38203125 0.3796875 0.33671875
0 0.49296875 0.2234375 0.15859375 0.178125
0 0.6203125 0.43359375 0.14921875 0.0890625
0 0.709375 0.7015625 0.09140625 0.071875
0 0.5109375 0.71640625 0.1421875 0.10078125
0 0.4859375 0.8109375 0.14921875 0.11328125
0 0.47578125 0.93046875 0.15390625 0.125
1 0.6875 0.88203125 0.053125 0.03828125