2 0.32109375 0.1265625 0.478125 0.19921875
1 0.28828125 0.22265625 0.27421875 0.03125
1 0.71171875 0.225 0.196875 0.06953125
1 0.25625 0.884375 0.18984375 0.0671875
2 0.31875 0.55390625 0.59375 0.709375
2 0.73828125 0.771875 0.3265625 0.1875
2 0.76953125 0.60234375 0.2453125 0.13671875
2 0.73203125 0.38203125 0.38203125 0.34609375
0 0.49296875 0.225 0.15859375 0.17578125
0 0.6203125 0.43359375 0.14453125 0.07421875
0 0.709375 0.70078125 0.09609375 0.0796875
0 0.5109375 0.71484375 0.13671875 0.09375
0 0.4859375 0.81015625 0.14453125 0.1109375
0 0.47578125 0.928125 0.14921875 0.1203125
1 0.6859375 0.8796875 0.05078125 0.03359375