2 0.68984375 0.23828125 0.2984375 0.3796875
2 0.9109375 0.23671875 0.115625 0.396875
1 0.8453125 0.2234375 0.021875 0.21640625
1 0.04453125 0.22109375 0.021875 0.15859375
1 0.04453125 0.4671875 0.021875 0.15625
1 0.04453125 0.74296875 0.021875 0.14921875
2 0.225 0.7484375 0.34375 0.25234375
2 0.353125 0.70546875 0.08203125 0.165625
2 0.34765625 0.14765625 0.13203125 0.2140625
2 0.47734375 0.12109375 0.11328125 0.15625
2 0.29453125 0.45546875 0.478125 0.82421875
0 0.853125 0.37109375 0.08671875 0.06484375
0 0.5578125 0.35 0.053125 0.07421875
0 0.39765625 0.1546875 0.05546875 0.06015625
0 0.36640625 0.2875 0.06015625 0.06953125
0 0.41953125 0.725 0.05078125 0.06953125
0 0.37265625 0.83671875 0.053125 0.0578125
0 0.42890625 0.89921875 0.05078125 0.125