2 0.734375 0.7765625 0.44921875 0.4234375
1 0.9671875 0.8296875 0.01171875 0.3078125
1 0.96640625 0.353125 0.009375 0.365625
1 0.03828125 0.30546875 0.0140625 0.259375
1 0.03828125 0.578125 0.0140625 0.25234375
2 0.20703125 0.66015625 0.3171875 0.40625
2 0.40390625 0.19140625 0.178125 0.23828125
2 0.203125 0.2515625 0.31953125 0.3578125
2 0.6625 0.4734375 0.5984375 0.7984375
0 0.4109375 0.3421875 0.0671875 0.06015625
0 0.35234375 0.38359375 0.05078125 0.0890625
0 0.3546875 0.50859375 0.05078125 0.1078125
0 0.46015625 0.884375 0.06953125 0.10546875
0 0.5 0.96875 0.0671875 0.0625