1 0.35078125 0.0265625 0.134375 0.053125
1 0.49765625 0.0265625 0.0765625 0.053125
1 0.71171875 0.0265625 0.125 0.053125
1 0.13828125 0.7984375 0.2140625 0.03359375
2 0.17578125 0.890625 0.35078125 0.21875
2 0.5171875 0.20078125 0.178125 0.3296875
2 0.4890625 0.41953125 0.978125 0.8390625
2 0.54296875 0.475 0.21171875 0.18046875
2 0.765625 0.29921875 0.396875 0.56484375
0 0.5578125 0.61171875 0.0578125 0.0890625
0 0.28828125 0.84375 0.08203125 0.15390625
0 0.703125 0.61796875 0.0796875 0.125
0 0.84609375 0.80078125 0.10078125 0.25