1 0.3546875 0.0328125 0.13203125 0.06484375
1 0.49765625 0.0296875 0.0765625 0.059375
1 0.709375 0.03125 0.125 0.0625
1 0.146875 0.790625 0.20703125 0.0765625
2 0.1765625 0.88828125 0.353125 0.2234375
2 0.515625 0.20546875 0.19453125 0.3296875
2 0.48203125 0.41328125 0.9640625 0.8265625
2 0.5421875 0.4734375 0.2046875 0.178125
2 0.759375 0.3015625 0.3890625 0.55546875
0 0.55625 0.6078125 0.06484375 0.09140625
0 0.29296875 0.83515625 0.071875 0.146875
0 0.6984375 0.6140625 0.0890625 0.12734375
0 0.8390625 0.79296875 0.0765625 0.240625