1 0.3421875 0.0328125 0.13203125 0.06484375
1 0.48671875 0.03125 0.07421875 0.0625
1 0.69921875 0.0296875 0.1203125 0.059375
1 0.13359375 0.80078125 0.209375 0.0671875
2 0.1703125 0.89140625 0.340625 0.2171875
2 0.50390625 0.2125 0.1515625 0.31953125
2 0.46875 0.41484375 0.9375 0.790625
2 0.53125 0.48203125 0.21640625 0.18984375
2 0.75 0.31015625 0.375 0.5484375
0 0.5453125 0.61640625 0.0578125 0.0890625
0 0.28125 0.84609375 0.09609375 0.15390625
0 0.6890625 0.6234375 0.084375 0.12734375
0 0.83046875 0.80390625 0.0796875 0.24296875