2 0.85546875 0.78984375 0.21171875 0.271875
2 0.853125 0.19609375 0.20703125 0.31484375
2 0.73671875 0.3921875 0.50234375 0.72578125
2 0.69609375 0.521875 0.13203125 0.1203125
2 0.67890625 0.62109375 0.1078125 0.06484375
2 0.3265625 0.35546875 0.39453125 0.21171875
2 0.46484375 0.140625 0.0984375 0.2140625
1 0.95546875 0.7984375 0.0453125 0.134375
1 0.9546875 0.57421875 0.02890625 0.071875
1 0.953125 0.45078125 0.0171875 0.0890625
1 0.82109375 0.0375 0.11796875 0.040625
1 0.56484375 0.040625 0.053125 0.02421875
1 0.1234375 0.359375 0.0171875 0.103125
1 0.5140625 0.11796875 0.03828125 0.14921875
0 0.54296875 0.42578125 0.0625 0.0578125
0 0.5171875 0.21640625 0.10546875 0.071875
0 0.79296875 0.634375 0.0484375 0.0578125
0 0.7828125 0.521875 0.05078125 0.0484375
0 0.790625 0.33046875 0.053125 0.06484375
0 0.55546875 0.74375 0.0671875 0.12734375
0 0.678125 0.67890625 0.03828125 0.05078125
0 0.740625 0.7046875 0.0578125 0.0578125
0 0.45546875 0.4171875 0.0453125 0.05078125