2 0.8484375 0.80078125 0.21640625 0.27421875
2 0.84765625 0.2015625 0.23828125 0.3265625
2 0.7296875 0.39921875 0.51171875 0.73046875
2 0.6890625 0.5296875 0.13671875 0.12265625
2 0.671875 0.6296875 0.11328125 0.071875
2 0.3171875 0.36171875 0.39921875 0.2140625
2 0.45703125 0.146875 0.09609375 0.21640625
1 0.94921875 0.8078125 0.02421875 0.134375
1 0.9484375 0.58203125 0.0265625 0.071875
1 0.946875 0.459375 0.03359375 0.09140625
1 0.81484375 0.0421875 0.1203125 0.03125
1 0.55625 0.0453125 0.05078125 0.02421875
1 0.11328125 0.36640625 0.02890625 0.103125
1 0.50625 0.1234375 0.0359375 0.1515625
0 0.53515625 0.4328125 0.06484375 0.0625
0 0.50859375 0.22265625 0.1078125 0.07421875
0 0.7859375 0.6421875 0.053125 0.0578125
0 0.775 0.52890625 0.05078125 0.053125
0 0.78359375 0.33671875 0.0578125 0.0671875
0 0.546875 0.75234375 0.06015625 0.1296875
0 0.6703125 0.6875 0.03828125 0.053125
0 0.7328125 0.7125 0.0671875 0.06484375
0 0.446875 0.42421875 0.04296875 0.05078125