2 0.8484375 0.79453125 0.22109375 0.2765625
2 0.84609375 0.20703125 0.196875 0.3078125
2 0.7296875 0.39921875 0.540625 0.73046875
2 0.69140625 0.52890625 0.13203125 0.1203125
2 0.67421875 0.62734375 0.11328125 0.071875
2 0.3265625 0.36328125 0.39921875 0.2359375
2 0.46171875 0.1515625 0.09609375 0.21171875
1 0.946875 0.803125 0.02421875 0.1296875
1 0.946875 0.58203125 0.02421875 0.071875
1 0.94453125 0.4578125 0.01953125 0.0890625
1 0.8140625 0.04921875 0.11796875 0.03125
1 0.5609375 0.053125 0.05078125 0.02421875
1 0.1234375 0.36796875 0.0171875 0.10078125
1 0.51171875 0.1296875 0.02890625 0.14921875
0 0.53984375 0.43359375 0.06484375 0.06015625
0 0.5140625 0.22578125 0.10546875 0.071875
0 0.7875 0.640625 0.05078125 0.05546875
0 0.7765625 0.52890625 0.0484375 0.0484375
0 0.78515625 0.3390625 0.05078125 0.0625
0 0.55078125 0.7484375 0.0578125 0.12734375
0 0.6734375 0.68359375 0.03828125 0.05078125
0 0.734375 0.709375 0.06484375 0.0625
0 0.4515625 0.42578125 0.04296875 0.0484375