2 0.9328125 0.2296875 0.10546875 0.334375
1 0.44921875 0.03125 0.1203125 0.04296875
2 0.1890625 0.1765625 0.290625 0.25234375
2 0.59609375 0.3859375 0.52421875 0.68046875
2 0.7203125 0.828125 0.2859375 0.290625
2 0.23671875 0.615625 0.19453125 0.2015625
2 0.0890625 0.615625 0.10078125 0.21171875
2 0.1859375 0.4046875 0.290625 0.209375
2 0.2328125 0.859375 0.375 0.25234375
2 0.50546875 0.89609375 0.1359375 0.2078125
1 0.86875 0.1765625 0.0265625 0.2234375
1 0.86875 0.53828125 0.03125 0.240625
1 0.86875 0.83984375 0.021875 0.24765625
1 0.0265625 0.17578125 0.02890625 0.14921875
1 0.0265625 0.43046875 0.02421875 0.1390625
1 0.0265625 0.64296875 0.02890625 0.05546875
0 0.16328125 0.62265625 0.0578125 0.071875
0 0.36640625 0.615625 0.0890625 0.08671875
0 0.30546875 0.34765625 0.0671875 0.07421875
0 0.90234375 0.334375 0.0890625 0.09140625
0 0.384375 0.78359375 0.09140625 0.1109375