1 0.64453125 0.79453125 0.02890625 0.0265625
1 0.74296875 0.7953125 0.02890625 0.03359375
1 0.86171875 0.71015625 0.01171875 0.06953125
1 0.93046875 0.634375 0.02890625 0.01953125
1 0.95703125 0.33984375 0.009375 0.040625
1 0.9546875 0.43125 0.009375 0.05078125
1 0.73046875 0.165625 0.02890625 0.02421875
1 0.609375 0.165625 0.021875 0.02421875
1 0.5265625 0.63203125 0.009375 0.03828125
1 0.52734375 0.55078125 0.01171875 0.0671875
1 0.52890625 0.3703125 0.009375 0.0671875
1 0.4265625 0.1671875 0.0359375 0.0265625
1 0.31875 0.16796875 0.0796875 0.02421875
1 0.3390625 0.7921875 0.0140625 0.03125
1 0.24140625 0.165625 0.0265625 0.02421875
1 0.11875 0.7921875 0.03125 0.0265625
1 0.03515625 0.6890625 0.01171875 0.084375
1 0.03515625 0.553125 0.00703125 0.053125
1 0.0359375 0.43046875 0.009375 0.03359375
1 0.0671875 0.16328125 0.01953125 0.03359375
1 0.16328125 0.16796875 0.02421875 0.03828125
2 0.0765625 0.228125 0.0765625 0.15390625
2 0.14921875 0.2359375 0.053125 0.1296875
2 0.109375 0.39921875 0.146875 0.15390625
2 0.1140625 0.6234375 0.1515625 0.30078125
2 0.2703125 0.475 0.17578125 0.61328125
2 0.21171875 0.72265625 0.053125 0.084375
2 0.2640625 0.7328125 0.0484375 0.08671875
2 0.2671875 0.8265625 0.09140625 0.08203125
2 0.4171875 0.3890625 0.09375 0.45703125
2 0.9046875 0.3953125 0.0890625 0.44453125
2 0.80625 0.24375 0.084375 0.1703125
2 0.5796875 0.2984375 0.09609375 0.2546875
2 0.578125 0.46640625 0.09375 0.0765625
2 0.58046875 0.64921875 0.09375 0.259375
2 0.796875 0.625 0.11796875 0.3171875
2 0.7453125 0.47734375 0.21640625 0.62265625
0 0.21171875 0.13671875 0.02421875 0.0625
0 0.10703125 0.28515625 0.03125 0.05078125
0 0.07578125 0.2953125 0.021875 0.0578125
0 0.02421875 0.38359375 0.03359375 0.084375
0 0.146875 0.50625 0.02421875 0.06484375
0 0.20703125 0.66484375 0.02890625 0.06015625
0 0.2609375 0.71015625 0.03125 0.07421875
0 0.2609375 0.8171875 0.0359375 0.0765625
0 0.415625 0.68046875 0.08203125 0.1203125
0 0.4796875 0.28359375 0.0359375 0.0765625
0 0.8375 0.29921875 0.0265625 0.0796875
0 0.87265625 0.3703125 0.02890625 0.0671875
0 0.75234375 0.65859375 0.02890625 0.0578125
0 0.6140625 0.553125 0.0359375 0.0765625
0 0.6421875 0.490625 0.02421875 0.04296875
0 0.61875 0.396875 0.03125 0.0671875