1 0.61328125 0.0984375 0.125 0.04296875
1 0.8296875 0.09609375 0.134375 0.02421875
1 0.63671875 0.83046875 0.15859375 0.03125
1 0.87734375 0.83203125 0.115625 0.0484375
1 0.1421875 0.828125 0.125 0.021875
2 0.11796875 0.44375 0.1296875 0.1421875
2 0.26796875 0.44140625 0.19921875 0.1515625
2 0.415625 0.44609375 0.1203125 0.146875
2 0.365625 0.5984375 0.240625 0.1921875
2 0.2921875 0.75703125 0.084375 0.134375
2 0.4015625 0.75234375 0.14453125 0.15390625
2 0.2640625 0.90625 0.428125 0.1875
2 0.1515625 0.665625 0.21640625 0.3125
2 0.74140625 0.8921875 0.415625 0.1203125
2 0.88359375 0.75234375 0.15625 0.15390625
2 0.740625 0.64453125 0.4421875 0.3703125
2 0.88203125 0.51171875 0.1296875 0.071875
2 0.8453125 0.290625 0.2140625 0.3703125
2 0.63359375 0.28984375 0.25703125 0.3921875
2 0.603125 0.421875 0.14921875 0.0984375
0 0.70703125 0.1046875 0.071875 0.146875
0 0.709375 0.4390625 0.0625 0.07421875
0 0.64453125 0.40625 0.071875 0.0625
0 0.7765625 0.44140625 0.0625 0.07421875
0 0.88203125 0.58046875 0.0671875 0.084375
0 0.39921875 0.54453125 0.0671875 0.0796875
0 0.28828125 0.54453125 0.0671875 0.0796875
0 0.19453125 0.48046875 0.0625 0.0625
0 0.2203125 0.62109375 0.06484375 0.06953125
0 0.2875 0.7171875 0.07421875 0.0796875
0 0.290625 0.8640625 0.08671875 0.0984375
0 0.7484375 0.828125 0.0796875 0.15625