1 0.6234375 0.0640625 0.13203125 0.05078125
1 0.84765625 0.06015625 0.13671875 0.0484375
1 0.64765625 0.8265625 0.1609375 0.0578125
1 0.89921875 0.8296875 0.1203125 0.03828125
1 0.13203125 0.82421875 0.1296875 0.03828125
2 0.10703125 0.4234375 0.11328125 0.134375
2 0.2640625 0.4203125 0.21640625 0.1734375
2 0.41796875 0.42578125 0.1296875 0.15859375
2 0.3640625 0.58515625 0.23828125 0.18515625
2 0.28984375 0.75 0.084375 0.1390625
2 0.40234375 0.7453125 0.1515625 0.15859375
2 0.25859375 0.90625 0.43515625 0.14453125
2 0.1421875 0.65390625 0.2546875 0.34140625
2 0.75703125 0.890625 0.4328125 0.11796875
2 0.9046875 0.7453125 0.15625 0.15390625
2 0.75703125 0.63203125 0.46640625 0.39453125
2 0.90390625 0.49375 0.1390625 0.0890625
2 0.8625 0.2609375 0.275 0.4
2 0.64453125 0.26328125 0.21171875 0.38203125
2 0.615625 0.4 0.15390625 0.103125
0 0.72109375 0.071875 0.0578125 0.14375
0 0.7234375 0.41796875 0.071875 0.08671875
0 0.65625 0.384375 0.071875 0.0578125
0 0.79296875 0.4203125 0.071875 0.08203125
0 0.90390625 0.56640625 0.0671875 0.084375
0 0.4 0.52890625 0.06015625 0.0765625
0 0.28515625 0.52890625 0.06953125 0.08203125
0 0.1875 0.46171875 0.0578125 0.0578125
0 0.2140625 0.609375 0.08203125 0.0796875
0 0.28359375 0.709375 0.071875 0.0765625
0 0.2875 0.86328125 0.0890625 0.10078125
0 0.7640625 0.82578125 0.09609375 0.165625