1 0.6390625 0.0765625 0.1296875 0.03828125
1 0.86328125 0.0734375 0.1390625 0.0265625
1 0.66328125 0.83984375 0.16328125 0.0359375
1 0.91484375 0.84140625 0.11796875 0.03359375
1 0.14765625 0.8375 0.13203125 0.0265625
2 0.12265625 0.4359375 0.125 0.146875
2 0.28125 0.43359375 0.21640625 0.17578125
2 0.43359375 0.4390625 0.11796875 0.146875
2 0.38203125 0.5984375 0.2453125 0.196875
2 0.30546875 0.76328125 0.09140625 0.1421875
2 0.41796875 0.75859375 0.14921875 0.15625
2 0.27421875 0.91953125 0.4421875 0.1515625
2 0.1578125 0.6671875 0.2140625 0.31953125
2 0.77265625 0.90390625 0.43515625 0.125
2 0.91953125 0.75703125 0.1609375 0.15859375
2 0.76328125 0.64453125 0.4734375 0.4328125
2 0.9203125 0.50703125 0.14453125 0.09140625
2 0.88125 0.2765625 0.228125 0.3890625
2 0.66015625 0.2765625 0.2234375 0.3890625
2 0.6296875 0.41328125 0.15390625 0.10546875
0 0.73671875 0.0828125 0.06953125 0.1515625
0 0.73828125 0.43125 0.0625 0.07421875
0 0.671875 0.396875 0.06953125 0.0578125
0 0.80859375 0.43359375 0.06953125 0.0796875
0 0.91953125 0.5796875 0.06015625 0.08203125
0 0.415625 0.5421875 0.0625 0.0796875
0 0.30078125 0.540625 0.0625 0.0765625
0 0.203125 0.475 0.06015625 0.06015625
0 0.2296875 0.62265625 0.0796875 0.08203125
0 0.29921875 0.7234375 0.07421875 0.08203125
0 0.303125 0.875 0.09140625 0.10078125
0 0.7796875 0.8375 0.0984375 0.165625