1 0.65234375 0.1140625 0.11328125 0.084375
1 0.8609375 0.1140625 0.071875 0.0796875
1 0.4578125 0.1109375 0.0796875 0.08671875
1 0.2640625 0.109375 0.115625 0.0796875
2 0.17421875 0.3734375 0.30078125 0.44453125
2 0.4578125 0.37890625 0.21875 0.4546875
2 0.75234375 0.46171875 0.35078125 0.625
2 0.971875 0.47734375 0.05625 0.6578125
2 0.4109375 0.8640625 0.1296875 0.17578125
2 0.30390625 0.7390625 0.521875 0.23828125
0 0.12109375 0.90234375 0.0796875 0.13671875
0 0.07578125 0.78984375 0.06484375 0.0796875
0 0.15 0.65859375 0.06015625 0.09609375
0 0.1296875 0.1859375 0.0484375 0.06484375
0 0.5453125 0.2234375 0.0765625 0.115625
0 0.42421875 0.7328125 0.06015625 0.1109375
0 0.6359375 0.72734375 0.05546875 0.11328125
0 0.540625 0.69375 0.071875 0.0984375
0 0.5328125 0.74140625 0.040625 0.06953125
0 0.2234375 0.80859375 0.0484375 0.06953125
1 0.96953125 0.83671875 0.0609375 0.0484375
2 0.7203125 0.8859375 0.44921875 0.228125