2 0.14296875 0.26328125 0.19921875 0.31484375
2 0.42890625 0.24296875 0.4109375 0.35546875
2 0.41796875 0.57578125 0.384375 0.32421875
2 0.66484375 0.5984375 0.2953125 0.53359375
2 0.8296875 0.79296875 0.14453125 0.15390625
2 0.8296875 0.5671875 0.14453125 0.3078125
2 0.7546875 0.24375 0.259375 0.34375
0 0.58671875 0.35 0.10078125 0.13203125
0 0.67578125 0.3484375 0.1109375 0.1296875
0 0.59375 0.52421875 0.09140625 0.08671875
0 0.7328125 0.52890625 0.08203125 0.08671875
0 0.70078125 0.87109375 0.06953125 0.19453125
0 0.74609375 0.7609375 0.0890625 0.0984375
0 0.18984375 0.34609375 0.1109375 0.1203125
1 0.23046875 0.22109375 0.0484375 0.16796875
1 0.228125 0.5796875 0.0578125 0.1921875
1 0.74609375 0.0640625 0.13671875 0.0265625