2 0.14296875 0.25703125 0.18984375 0.321875
2 0.44453125 0.2359375 0.41328125 0.35546875
2 0.43125 0.58671875 0.43046875 0.3796875
2 0.68984375 0.609375 0.2984375 0.56015625
2 0.86328125 0.8140625 0.14453125 0.15625
2 0.86328125 0.5765625 0.14921875 0.321875
2 0.78359375 0.23671875 0.33671875 0.4015625
0 0.60703125 0.3484375 0.11328125 0.1390625
0 0.7015625 0.34765625 0.09609375 0.12265625
0 0.615625 0.5296875 0.10546875 0.0984375
0 0.7609375 0.5359375 0.0984375 0.10546875
0 0.72578125 0.8953125 0.09609375 0.209375
0 0.775 0.7796875 0.084375 0.0984375
0 0.1921875 0.3453125 0.10078125 0.11328125
1 0.2328125 0.2140625 0.0578125 0.1734375
1 0.2328125 0.5890625 0.053125 0.2015625
1 0.7765625 0.0484375 0.14453125 0.03359375