2 0.51171875 0.13125 0.5140625 0.26171875
2 0.41328125 0.39453125 0.303125 0.28359375
2 0.6578125 0.3890625 0.21875 0.26953125
2 0.43515625 0.70078125 0.3609375 0.37265625
2 0.31015625 0.7453125 0.0578125 0.08671875
2 0.38203125 0.7453125 0.08671875 0.09140625
2 0.34609375 0.8296875 0.1390625 0.0578125
2 0.6859375 0.8640625 0.1703125 0.15625
2 0.68046875 0.734375 0.178125 0.11328125
2 0.65859375 0.6078125 0.21171875 0.178125
0 0.490625 0.2328125 0.0625 0.0671875
0 0.584375 0.64296875 0.0765625 0.06015625
0 0.6734375 0.671875 0.0484375 0.05078125
0 0.36796875 0.67578125 0.0625 0.053125
0 0.30546875 0.7234375 0.0625 0.0578125
0 0.30546875 0.81953125 0.0578125 0.0671875
0 0.57578125 0.90859375 0.06953125 0.0625
1 0.365625 0.26328125 0.115625 0.0359375
1 0.63203125 0.25703125 0.1109375 0.02421875
1 0.3421875 0.86875 0.146875 0.03125
1 0.50234375 0.86796875 0.115625 0.03828125