2 0.50859375 0.1359375 0.49296875 0.271875
2 0.41484375 0.3953125 0.2953125 0.2765625
2 0.64765625 0.390625 0.19921875 0.25234375
2 0.43515625 0.6859375 0.34140625 0.3578125
2 0.31484375 0.728125 0.0625 0.08671875
2 0.384375 0.7296875 0.08203125 0.0890625
2 0.35078125 0.81015625 0.134375 0.0625
2 0.67578125 0.8421875 0.16796875 0.1609375
2 0.66953125 0.71875 0.1703125 0.10546875
2 0.64921875 0.5984375 0.21171875 0.1875
0 0.490625 0.24140625 0.0625 0.06484375
0 0.578125 0.63203125 0.07421875 0.0625
0 0.66328125 0.65859375 0.04296875 0.0484375
0 0.37109375 0.6625 0.06015625 0.05546875
0 0.3109375 0.709375 0.05546875 0.053125
0 0.3125 0.80078125 0.0578125 0.0625
0 0.56953125 0.8859375 0.0578125 0.05078125
1 0.36875 0.26953125 0.11328125 0.01953125
1 0.62265625 0.26328125 0.10078125 0.03125
1 0.34765625 0.84765625 0.13671875 0.0265625
1 0.5 0.84609375 0.1109375 0.02890625