2 0.2671875 0.21484375 0.478125 0.4296875
0 0.20546875 0.34609375 0.31484375 0.1734375
0 0.271875 0.640625 0.4859375 0.4828125
0 0.1203125 0.81640625 0.134375 0.0984375
0 0.11328125 0.92421875 0.15859375 0.13203125
1 0.16484375 0.421875 0.1078125 0.03125
1 0.384375 0.41953125 0.10546875 0.040625
1 0.6765625 0.41796875 0.09375 0.02890625
1 0.90859375 0.4234375 0.08671875 0.0140625
1 0.8171875 0.865625 0.0671875 0.02890625
1 0.6671875 0.865625 0.05078125 0.009375
0 0.23671875 0.79921875 0.06015625 0.06484375
0 0.23828125 0.8859375 0.0578125 0.06015625
0 0.21015625 0.9421875 0.06484375 0.03828125
0 0.75 0.6984375 0.0625 0.06015625
0 0.82578125 0.696875 0.06484375 0.0578125
0 0.30078125 0.4015625 0.0671875 0.0578125
0 0.1609375 0.796875 0.0671875 0.05546875
2 0.66953125 0.57109375 0.25703125 0.31953125
2 0.88828125 0.5671875 0.209375 0.2984375
2 0.77890625 0.78828125 0.4375 0.15859375