2 0.2546875 0.22109375 0.46171875 0.4375
0 0.1921875 0.3578125 0.303125 0.14921875
0 0.25625 0.6421875 0.43515625 0.4375
0 0.1109375 0.81015625 0.125 0.0765625
0 0.103125 0.91484375 0.15390625 0.12734375
1 0.15390625 0.43046875 0.10546875 0.02421875
1 0.3640625 0.428125 0.103125 0.03359375
1 0.646875 0.4265625 0.09140625 0.0265625
1 0.86875 0.4328125 0.084375 0.0140625
1 0.78359375 0.8578125 0.0671875 0.01953125
1 0.63671875 0.85703125 0.053125 0.00703125
0 0.22265625 0.79453125 0.06484375 0.06484375
0 0.2234375 0.87734375 0.053125 0.053125
0 0.196875 0.9328125 0.0671875 0.04296875
0 0.71640625 0.696875 0.0578125 0.053125
0 0.78984375 0.69609375 0.06953125 0.06484375
0 0.28359375 0.4109375 0.0671875 0.0625
0 0.14921875 0.79296875 0.0625 0.053125
2 0.6390625 0.57421875 0.2453125 0.3078125
2 0.85078125 0.57109375 0.25 0.31484375
2 0.74375 0.78359375 0.4203125 0.14453125