2 0.2640625 0.21640625 0.4421875 0.41796875
0 0.20078125 0.353125 0.31015625 0.178125
0 0.265625 0.640625 0.4640625 0.4640625
0 0.11875 0.8109375 0.12265625 0.07421875
0 0.11328125 0.9171875 0.1390625 0.1078125
1 0.1625 0.428125 0.103125 0.03359375
1 0.375 0.42578125 0.10546875 0.01953125
1 0.66015625 0.42578125 0.09375 0.02421875
1 0.884375 0.428125 0.08671875 0.02890625
1 0.7984375 0.859375 0.0671875 0.021875
1 0.65 0.8578125 0.05078125 0.0140625
0 0.23203125 0.79453125 0.06484375 0.06484375
0 0.2328125 0.87890625 0.0625 0.06015625
0 0.20546875 0.93515625 0.06484375 0.04296875
0 0.73046875 0.696875 0.0625 0.0578125
0 0.80546875 0.69609375 0.0671875 0.06015625
0 0.29453125 0.4078125 0.06953125 0.06484375
0 0.1578125 0.79296875 0.06015625 0.0484375
2 0.65234375 0.5734375 0.24296875 0.30546875
2 0.865625 0.56875 0.22578125 0.30546875
2 0.759375 0.78359375 0.41796875 0.134375