2 0.2359375 0.20078125 0.1109375 0.19921875
2 0.47734375 0.20546875 0.37734375 0.209375
2 0.7953125 0.2921875 0.28359375 0.38203125
2 0.796875 0.67890625 0.30546875 0.40625
2 0.428125 0.5890625 0.5671875 0.634375
2 0.10703125 0.31875 0.209375 0.415625
1 0.1734375 0.2671875 0.01953125 0.0578125
1 0.18046875 0.4515625 0.03359375 0.0765625
1 0.18046875 0.6734375 0.03828125 0.1875
1 0.9359375 0.70546875 0.0453125 0.18984375
1 0.93359375 0.2859375 0.040625 0.15859375
0 0.3125 0.25703125 0.0625 0.0625
0 0.3265625 0.3296875 0.0625 0.08203125
0 0.178125 0.37265625 0.16328125 0.115625
0 0.615625 0.3390625 0.071875 0.10546875
0 0.6921875 0.42890625 0.08203125 0.09375
0 0.696875 0.60078125 0.08203125 0.09140625
0 0.61328125 0.88359375 0.0765625 0.19453125