2 0.2359375 0.20078125 0.115625 0.19921875
2 0.47734375 0.20546875 0.38671875 0.24296875
2 0.7953125 0.29296875 0.3171875 0.39921875
2 0.796875 0.67890625 0.25234375 0.37734375
2 0.4265625 0.5890625 0.56484375 0.634375
2 0.10703125 0.31875 0.12734375 0.4109375
1 0.171875 0.2671875 0.03125 0.0578125
1 0.18046875 0.4515625 0.03359375 0.0765625
1 0.18046875 0.6734375 0.053125 0.1875
1 0.9375 0.70546875 0.0671875 0.18515625
1 0.93515625 0.2859375 0.0578125 0.15859375
0 0.3125 0.25703125 0.0578125 0.0625
0 0.3265625 0.3296875 0.0578125 0.08203125
0 0.178125 0.37265625 0.15859375 0.10078125
0 0.6140625 0.3390625 0.06015625 0.10078125
0 0.6921875 0.42890625 0.0765625 0.0890625
0 0.696875 0.60078125 0.0765625 0.08671875
0 0.61171875 0.88359375 0.1078125 0.19921875