2 0.196875 0.2046875 0.1203125 0.21171875
2 0.4515625 0.2078125 0.39921875 0.2234375
2 0.78828125 0.30078125 0.29296875 0.39921875
2 0.790625 0.709375 0.3265625 0.4328125
2 0.39921875 0.6140625 0.5 0.5984375
2 0.078125 0.3265625 0.15625 0.4421875
1 0.1296875 0.27265625 0.02890625 0.06015625
1 0.1390625 0.46875 0.02890625 0.08203125
1 0.1390625 0.7015625 0.02890625 0.2015625
1 0.9359375 0.7359375 0.06484375 0.2015625
1 0.93359375 0.29296875 0.0359375 0.16796875
0 0.27890625 0.2640625 0.071875 0.071875
0 0.29453125 0.3390625 0.06484375 0.08671875
0 0.13671875 0.3859375 0.16796875 0.11328125
0 0.59609375 0.35 0.0765625 0.11328125
0 0.67890625 0.44453125 0.0890625 0.10078125
0 0.68359375 0.6265625 0.0796875 0.0890625
0 0.5921875 0.90859375 0.1078125 0.1828125