2 0.15 0.2546875 0.2859375 0.39921875
2 0.90234375 0.25390625 0.146875 0.396875
2 0.48046875 0.4859375 0.6921875 0.884375
2 0.6140625 0.6203125 0.415625 0.34140625
2 0.16015625 0.25625 0.31953125 0.43046875
2 0.109375 0.5171875 0.1703125 0.115625
2 0.10234375 0.6703125 0.19453125 0.1875
1 0.8234375 0.20546875 0.05078125 0.209375
1 0.8265625 0.60546875 0.0484375 0.1921875
1 0.17421875 0.03984375 0.1703125 0.040625
0 0.2515625 0.421875 0.103125 0.11328125
0 0.22578125 0.51953125 0.08203125 0.0765625
0 0.2296875 0.70546875 0.06953125 0.06953125
0 0.2671875 0.90859375 0.1109375 0.1828125
0 0.44921875 0.51328125 0.09609375 0.0796875
0 0.79296875 0.38203125 0.1109375 0.10078125