2 0.884375 0.2546875 0.09609375 0.3890625
2 0.4484375 0.38671875 0.74765625 0.64921875
2 0.4671875 0.1390625 0.06953125 0.15859375
2 0.35703125 0.1390625 0.13203125 0.14921875
2 0.16796875 0.64765625 0.1828125 0.37734375
0 0.31484375 0.75703125 0.053125 0.10078125
0 0.24140625 0.5734375 0.06015625 0.084375
0 0.83203125 0.3921875 0.1203125 0.10078125
0 0.46171875 0.25859375 0.0578125 0.0890625
0 0.34765625 0.2609375 0.05546875 0.09375
1 0.83046875 0.21171875 0.021875 0.27890625
1 0.06484375 0.25703125 0.0140625 0.3796875
1 0.06875 0.64921875 0.0171875 0.365625