2 0.61875 0.415625 0.49765625 0.6828125
2 0.44921875 0.8109375 0.35546875 0.34375
2 0.3546875 0.50859375 0.18046875 0.2328125
2 0.4828125 0.51171875 0.0765625 0.22578125
2 0.34609375 0.17890625 0.15390625 0.228125
2 0.4546875 0.18125 0.0671875 0.21875
2 0.3453125 0.18046875 0.1421875 0.21640625
2 0.31953125 0.34375 0.10546875 0.08671875
2 0.21875 0.37109375 0.09140625 0.146875
2 0.1234375 0.36328125 0.103125 0.15859375
2 0.1140625 0.5328125 0.07421875 0.165625
2 0.11171875 0.65625 0.06953125 0.09140625
2 0.2078125 0.57421875 0.1078125 0.2453125
2 0.1671875 0.84140625 0.18984375 0.27890625
1 0.26953125 0.8328125 0.01953125 0.24765625
1 0.0671875 0.3953125 0.0140625 0.0453125
1 0.06953125 0.52265625 0.0140625 0.11328125
1 0.071875 0.65390625 0.01953125 0.053125
1 0.3484375 0.06484375 0.0765625 0.02890625
1 0.4515625 0.06875 0.0578125 0.03125
1 0.5609375 0.0734375 0.0796875 0.021875
1 0.73203125 0.0734375 0.0796875 0.021875
1 0.87265625 0.4265625 0.01953125 0.06484375
1 0.74609375 0.7546875 0.2046875 0.02890625
1 0.39921875 0.63359375 0.071875 0.03125
1 0.48046875 0.63359375 0.02421875 0.021875
1 0.5609375 0.63828125 0.021875 0.0171875
0 0.11796875 0.47578125 0.02890625 0.0671875
0 0.1609375 0.5796875 0.02890625 0.0484375
0 0.1609375 0.66015625 0.02890625 0.040625
0 0.240625 0.47578125 0.02890625 0.0671875
0 0.27734375 0.56015625 0.0359375 0.0578125
0 0.28515625 0.68046875 0.05546875 0.0625
0 0.39765625 0.42421875 0.0265625 0.07421875
0 0.38203125 0.34140625 0.03359375 0.04296875
0 0.3921875 0.27890625 0.02890625 0.053125
0 0.45546875 0.33046875 0.03125 0.06015625
0 0.48046875 0.36875 0.02890625 0.06484375
0 0.59765625 0.51328125 0.040625 0.0796875
0 0.6 0.66953125 0.0453125 0.0890625
0 0.6703125 0.07109375 0.0484375 0.13671875