2 0.25 0.140625 0.40859375 0.28125
2 0.34765625 0.4546875 0.56015625 0.3703125
2 0.4203125 0.79296875 0.70703125 0.35078125
2 0.8015625 0.69375 0.353125 0.2046875
2 0.87890625 0.859375 0.2046875 0.18515625
2 0.8078125 0.44140625 0.384375 0.353125
0 0.38671875 0.2671875 0.1390625 0.20703125
1 0.23046875 0.26796875 0.1734375 0.040625
1 0.5453125 0.2703125 0.14921875 0.040625
1 0.7171875 0.271875 0.17578125 0.0578125
0 0.68046875 0.50390625 0.14921875 0.11328125
0 0.56640625 0.7140625 0.13671875 0.08671875
0 0.834375 0.7515625 0.08203125 0.06484375
0 0.51171875 0.86640625 0.08203125 0.05078125
0 0.56015625 0.92734375 0.1203125 0.1453125