2 0.23671875 0.125 0.396875 0.25
2 0.334375 0.4375 0.59140625 0.4515625
2 0.40625 0.775 0.72109375 0.43046875
2 0.7859375 0.67578125 0.34140625 0.16328125
2 0.86328125 0.84140625 0.2015625 0.1828125
2 0.7984375 0.42578125 0.3703125 0.3265625
0 0.3734375 0.2515625 0.15625 0.209375
1 0.21875 0.25234375 0.1734375 0.0484375
1 0.53125 0.2546875 0.14921875 0.0625
1 0.703125 0.25703125 0.1703125 0.0578125
0 0.665625 0.48828125 0.14921875 0.10546875
0 0.553125 0.696875 0.14453125 0.1109375
0 0.81875 0.734375 0.0796875 0.06484375
0 0.49765625 0.8484375 0.08203125 0.053125
0 0.5484375 0.9109375 0.1296875 0.14921875