2 0.0796875 0.28515625 0.15859375 0.43515625
2 0.43046875 0.41015625 0.66328125 0.76171875
2 0.36171875 0.71640625 0.42578125 0.39453125
2 0.7484375 0.6578125 0.11796875 0.19921875
2 0.8890625 0.63671875 0.22109375 0.25
2 0.83984375 0.28359375 0.31953125 0.46640625
2 0.6390625 0.1515625 0.1390625 0.16796875
0 0.65 0.26953125 0.06015625 0.09609375
0 0.11328125 0.40234375 0.09609375 0.0984375
0 0.53125 0.68515625 0.09609375 0.1296875
0 0.65390625 0.7640625 0.10546875 0.28359375
0 0.68125 0.6453125 0.06015625 0.103125
1 0.14453125 0.21640625 0.0484375 0.28359375
1 0.1421875 0.74140625 0.071875 0.24296875