2 0.27421875 0.43984375 0.4515625 0.625
2 0.4359375 0.921875 0.146875 0.15625
2 0.43515625 0.67421875 0.14453125 0.165625
2 0.4421875 0.5515625 0.125 0.0890625
2 0.4390625 0.4359375 0.13203125 0.146875
2 0.32109375 0.71171875 0.11328125 0.09140625
2 0.77421875 0.06875 0.178125 0.13671875
2 0.67578125 0.25234375 0.25 0.2640625
2 0.890625 0.2484375 0.21875 0.2671875
2 0.846875 0.44296875 0.30625 0.1609375
2 0.625 0.5203125 0.16328125 0.21875
2 0.62734375 0.6875 0.15859375 0.14453125
2 0.85234375 0.62890625 0.2953125 0.25703125
1 0.4109375 0.12734375 0.1390625 0.03359375
1 0.63359375 0.1265625 0.0890625 0.03125
1 0.9046875 0.1296875 0.0890625 0.03828125
1 0.834375 0.75390625 0.09140625 0.0265625
1 0.63359375 0.75859375 0.07421875 0.0171875
1 0.546875 0.53359375 0.021875 0.03828125
1 0.5453125 0.35546875 0.02421875 0.0484375
1 0.040625 0.396875 0.02421875 0.1390625
1 0.1515625 0.75625 0.08671875 0.021875
0 0.33515625 0.91484375 0.084375 0.06953125
0 0.31484375 0.77890625 0.08203125 0.0765625
0 0.31015625 0.6453125 0.0578125 0.06484375
0 0.35 0.634375 0.06484375 0.0671875
0 0.35234375 0.5640625 0.05078125 0.05078125
0 0.35546875 0.41328125 0.0578125 0.053125
0 0.24296875 0.12890625 0.08671875 0.12734375
0 0.75625 0.13125 0.06953125 0.12265625
0 0.83671875 0.353125 0.0625 0.0625
0 0.7390625 0.39765625 0.06953125 0.06953125
0 0.72578125 0.4828125 0.0578125 0.03828125
0 0.79453125 0.5359375 0.06953125 0.0578125
0 0.66953125 0.603125 0.0453125 0.04296875