2 0.2671875 0.42578125 0.52421875 0.64921875
2 0.421875 0.89765625 0.13203125 0.165625
2 0.4203125 0.64765625 0.134375 0.15625
2 0.428125 0.53125 0.1203125 0.09140625
2 0.42421875 0.421875 0.12265625 0.13671875
2 0.3109375 0.6828125 0.1078125 0.09140625
2 0.74296875 0.07421875 0.16796875 0.134375
2 0.64765625 0.24765625 0.21875 0.23046875
2 0.86171875 0.2453125 0.2234375 0.2546875
2 0.81484375 0.43046875 0.2984375 0.16328125
2 0.5984375 0.50234375 0.16328125 0.21171875
2 0.60234375 0.66015625 0.13671875 0.11328125
2 0.82109375 0.60546875 0.30546875 0.26953125
1 0.39765625 0.12734375 0.13203125 0.02890625
1 0.60703125 0.12734375 0.084375 0.02890625
1 0.865625 0.13125 0.08203125 0.03125
1 0.7984375 0.72265625 0.08671875 0.0265625
1 0.6078125 0.72734375 0.071875 0.03125
1 0.5265625 0.51328125 0.02421875 0.040625
1 0.525 0.34609375 0.03125 0.0484375
1 0.0484375 0.384375 0.03359375 0.1296875
1 0.1515625 0.725 0.08203125 0.03125
0 0.32578125 0.875 0.07421875 0.0578125
0 0.30625 0.74609375 0.084375 0.0796875
0 0.3015625 0.6203125 0.05078125 0.0578125
0 0.3390625 0.6078125 0.0578125 0.0625
0 0.34140625 0.54296875 0.0484375 0.0484375
0 0.3453125 0.4 0.05546875 0.05078125
0 0.23828125 0.1296875 0.071875 0.1203125
0 0.7234375 0.134375 0.08203125 0.1203125
0 0.79921875 0.34375 0.05546875 0.053125
0 0.7078125 0.3859375 0.06484375 0.06484375
0 0.69609375 0.4671875 0.06015625 0.040625
0 0.7609375 0.5171875 0.06953125 0.0578125
0 0.6421875 0.5796875 0.0484375 0.04296875