2 0.26953125 0.4078125 0.52421875 0.6609375
2 0.42890625 0.89765625 0.12734375 0.165625
2 0.428125 0.6390625 0.134375 0.15859375
2 0.43359375 0.51953125 0.13203125 0.10546875
2 0.43125 0.4046875 0.11328125 0.13203125
2 0.31484375 0.67421875 0.1109375 0.0890625
2 0.7609375 0.05390625 0.1703125 0.1078125
2 0.66484375 0.22265625 0.2234375 0.23828125
2 0.88671875 0.22109375 0.2015625 0.240625
2 0.8375 0.4125 0.31484375 0.18984375
2 0.61328125 0.48671875 0.1390625 0.2046875
2 0.61796875 0.6515625 0.15859375 0.1390625
2 0.84375 0.5953125 0.303125 0.26171875
1 0.40390625 0.0984375 0.1390625 0.03828125
1 0.62265625 0.0984375 0.08671875 0.01953125
1 0.8890625 0.10078125 0.08671875 0.03359375
1 0.81953125 0.71640625 0.09140625 0.02890625
1 0.62265625 0.72109375 0.071875 0.01953125
1 0.53828125 0.4984375 0.02421875 0.040625
1 0.5375 0.3234375 0.03125 0.05078125
1 0.040625 0.365625 0.03828125 0.134375
1 0.14765625 0.71875 0.0890625 0.02890625
0 0.3296875 0.8734375 0.08671875 0.06953125
0 0.31015625 0.740625 0.08203125 0.08203125
0 0.30546875 0.6109375 0.053125 0.0625
0 0.34375 0.59765625 0.0671875 0.06953125
0 0.34609375 0.5296875 0.0484375 0.05078125
0 0.35078125 0.38203125 0.0578125 0.053125
0 0.23828125 0.10078125 0.071875 0.1203125
0 0.74375 0.103125 0.06953125 0.1203125
0 0.821875 0.321875 0.0578125 0.0578125
0 0.72734375 0.36640625 0.06953125 0.06953125
0 0.7140625 0.4515625 0.0625 0.04296875
0 0.78125 0.50234375 0.071875 0.0625
0 0.65859375 0.5671875 0.04296875 0.03828125