2 0.334375 0.12734375 0.21171875 0.115625
2 0.27265625 0.49296875 0.34375 0.571875
2 0.39765625 0.740625 0.09375 0.0765625
2 0.35 0.859375 0.18984375 0.12734375
2 0.7796875 0.12734375 0.209375 0.115625
2 0.7234375 0.32109375 0.3265625 0.2328125
2 0.6140625 0.38125 0.11796875 0.1078125
2 0.6078125 0.5671875 0.125 0.2453125
2 0.7796875 0.50234375 0.2046875 0.125
2 0.77890625 0.66953125 0.21171875 0.209375
2 0.6203125 0.7390625 0.125 0.0796875
1 0.78828125 0.7875 0.14921875 0.021875
1 0.6296875 0.196875 0.0625 0.02421875
1 0.7828125 0.19453125 0.06015625 0.01953125
0 0.71640625 0.20546875 0.071875 0.13203125
0 0.71015625 0.41328125 0.06484375 0.0625
0 0.70078125 0.50625 0.07421875 0.06015625
0 0.71171875 0.59375 0.0671875 0.071875
0 0.5828125 0.46640625 0.05546875 0.053125
0 0.26953125 0.196875 0.0671875 0.1109375
1 0.3640625 0.1984375 0.13203125 0.021875
1 0.18359375 0.1984375 0.06015625 0.0265625
0 0.37734375 0.6828125 0.03828125 0.0625
0 0.30859375 0.709375 0.06015625 0.0765625
0 0.30625 0.8109375 0.06953125 0.07421875
0 0.321875 0.8921875 0.071875 0.0578125
1 0.18125 0.78984375 0.0890625 0.0265625