2 0.11328125 0.22265625 0.22578125 0.3296875
2 0.125 0.62734375 0.21640625 0.41796875
2 0.51796875 0.47265625 0.59375 0.75703125
2 0.89609375 0.709375 0.2078125 0.2625
2 0.89296875 0.3484375 0.2140625 0.5046875
2 0.57578125 0.71875 0.13671875 0.240625
2 0.415625 0.71015625 0.196875 0.24296875
2 0.2796875 0.71015625 0.11328125 0.2234375
1 0.34140625 0.08203125 0.1109375 0.0484375
1 0.48828125 0.08203125 0.115625 0.071875
1 0.6625 0.08046875 0.0984375 0.06015625
1 0.7546875 0.0828125 0.03828125 0.05546875
1 0.86640625 0.0796875 0.0984375 0.04296875
0 0.9078125 0.53515625 0.06015625 0.1515625
0 0.5359375 0.66328125 0.09140625 0.1296875
0 0.5578125 0.8375 0.09609375 0.2859375
0 0.35078125 0.665625 0.0625 0.1203125
0 0.18125 0.30078125 0.0796875 0.1296875
0 0.2015625 0.4828125 0.08671875 0.14453125
1 0.10703125 0.3953125 0.103125 0.07421875
1 0.22109375 0.18359375 0.03359375 0.06953125