2 0.16328125 0.2765625 0.28828125 0.4859375
2 0.57578125 0.27890625 0.5453125 0.509375
2 0.9171875 0.28515625 0.165625 0.4828125
2 0.625 0.71875 0.4375 0.39921875
2 0.3125 0.71640625 0.22109375 0.40390625
2 0.11796875 0.6453125 0.2359375 0.2671875
2 0.11796875 0.8375 0.21171875 0.17578125
0 0.35546875 0.4828125 0.08203125 0.1109375
0 0.2640625 0.4828125 0.071875 0.10078125
0 0.80078125 0.4109375 0.08671875 0.10078125
0 0.8796875 0.4109375 0.09609375 0.10546875
0 0.43984375 0.5875 0.09140625 0.0984375
0 0.25859375 0.64453125 0.0984375 0.1109375
0 0.2515625 0.81484375 0.09375 0.09609375
0 0.2765625 0.9109375 0.08671875 0.178125
1 0.1546875 0.0296875 0.165625 0.040625
1 0.8390625 0.2484375 0.0578125 0.2234375
1 0.83984375 0.7171875 0.0796875 0.228125