2 0.1703125 0.2859375 0.3125 0.4953125
2 0.578125 0.2875 0.55078125 0.5171875
2 0.9171875 0.29453125 0.165625 0.478125
2 0.6265625 0.7234375 0.415625 0.3796875
2 0.31875 0.72109375 0.21875 0.39921875
2 0.125 0.6515625 0.21640625 0.25
2 0.125 0.84140625 0.20703125 0.16328125
0 0.3609375 0.490625 0.09140625 0.115625
0 0.2703125 0.4890625 0.06953125 0.0984375
0 0.80078125 0.4171875 0.09140625 0.103125
0 0.8796875 0.41953125 0.09140625 0.103125
0 0.44375 0.59375 0.0890625 0.09609375
0 0.2640625 0.65 0.09140625 0.103125
0 0.25703125 0.81875 0.09140625 0.09375
0 0.28203125 0.91171875 0.0890625 0.1765625
1 0.16328125 0.0421875 0.16328125 0.03125
1 0.8390625 0.259375 0.03359375 0.22578125
1 0.83984375 0.72265625 0.06953125 0.228125