2 0.1546875 0.16484375 0.146875 0.271875
2 0.2921875 0.13359375 0.1609375 0.209375
2 0.29296875 0.265625 0.1296875 0.0796875
2 0.20703125 0.3734375 0.3125 0.18515625
2 0.53828125 0.2234375 0.39453125 0.41328125
2 0.7984375 0.303125 0.21171875 0.23046875
2 0.82578125 0.11640625 0.15625 0.1703125
2 0.66796875 0.12734375 0.21640625 0.21171875
1 0.271875 0.03515625 0.08203125 0.0265625
1 0.4546875 0.0359375 0.1390625 0.03828125
1 0.6515625 0.0328125 0.10078125 0.021875
1 0.89921875 0.14453125 0.03359375 0.09609375
1 0.79921875 0.41484375 0.07421875 0.0265625
1 0.4359375 0.41484375 0.0984375 0.0359375
0 0.65 0.43984375 0.06484375 0.0671875
0 0.640625 0.33984375 0.05546875 0.06484375
0 0.59140625 0.3296875 0.03359375 0.03359375
0 0.6390625 0.1984375 0.03828125 0.0453125
0 0.73046875 0.14453125 0.04296875 0.053125
0 0.77734375 0.1390625 0.05546875 0.0578125
0 0.734375 0.640625 0.040625 0.05546875
0 0.3453125 0.20703125 0.05546875 0.04296875
0 0.16328125 0.33515625 0.1203125 0.09375
1 0.29296875 0.3015625 0.053125 0.0171875
1 0.08671875 0.12265625 0.02890625 0.0625
1 0.0890625 0.2078125 0.009375 0.06484375
2 0.68984375 0.61796875 0.134375 0.178125
2 0.5796875 0.62109375 0.10078125 0.18984375
2 0.490625 0.61328125 0.09609375 0.16796875
2 0.4046875 0.61171875 0.1078125 0.1703125
2 0.475 0.74296875 0.23828125 0.14453125
2 0.67578125 0.7546875 0.178125 0.10546875
2 0.6109375 0.85703125 0.2015625 0.11328125
2 0.4359375 0.85546875 0.146875 0.10546875
2 0.29453125 0.58046875 0.12734375 0.11796875
2 0.2984375 0.71640625 0.14921875 0.16796875
2 0.16015625 0.6625 0.165625 0.2765625
1 0.29296875 0.8015625 0.053125 0.021875
1 0.27265625 0.52734375 0.05546875 0.0265625
1 0.4640625 0.5296875 0.02890625 0.021875
1 0.55546875 0.52890625 0.02890625 0.02421875
0 0.27734375 0.65859375 0.0453125 0.0578125
0 0.37734375 0.759375 0.04296875 0.04296875
0 0.3953125 0.78125 0.040625 0.053125
0 0.41953125 0.7140625 0.05546875 0.053125
0 0.5 0.7125 0.04296875 0.0453125
0 0.51953125 0.5953125 0.0578125 0.05078125
0 0.60546875 0.75859375 0.0625 0.05078125
0 0.63828125 0.7796875 0.0453125 0.06484375
0 0.68046875 0.7359375 0.04296875 0.0484375
0 0.7296875 0.3375 0.05078125 0.05546875
0 0.725 0.3921875 0.0359375 0.03359375