2 0.1625 0.1875 0.1609375 0.26953125
2 0.2921875 0.1578125 0.15625 0.19921875
2 0.29296875 0.28359375 0.1203125 0.0625
2 0.209375 0.38828125 0.29296875 0.1609375
2 0.52890625 0.24296875 0.375 0.3890625
2 0.77890625 0.31953125 0.2015625 0.21640625
2 0.80546875 0.1421875 0.14921875 0.16328125
2 0.65390625 0.15234375 0.1875 0.17578125
1 0.27265625 0.0640625 0.07421875 0.0265625
1 0.4484375 0.06484375 0.13203125 0.04296875
1 0.63671875 0.0609375 0.09609375 0.0265625
1 0.8734375 0.16796875 0.0171875 0.09609375
1 0.77890625 0.428125 0.071875 0.03359375
1 0.43046875 0.4265625 0.09140625 0.03125
0 0.6359375 0.4515625 0.06484375 0.0671875
0 0.6265625 0.35546875 0.05078125 0.0578125
0 0.5796875 0.3453125 0.03828125 0.040625
0 0.625 0.2203125 0.03359375 0.040625
0 0.7125 0.16796875 0.040625 0.0484375
0 0.75859375 0.16328125 0.05078125 0.053125
0 0.71640625 0.64453125 0.02890625 0.0484375
0 0.34375 0.22734375 0.0484375 0.0359375
0 0.16953125 0.35078125 0.11796875 0.09609375
1 0.29453125 0.31875 0.05078125 0.021875
1 0.09609375 0.14765625 0.01953125 0.06015625
1 0.09765625 0.2296875 0.021875 0.06484375
2 0.6734375 0.62109375 0.14921875 0.18046875
2 0.56640625 0.625 0.0890625 0.178125
2 0.4828125 0.61640625 0.09140625 0.1609375
2 0.4015625 0.615625 0.08203125 0.15859375
2 0.4671875 0.74296875 0.228125 0.134375
2 0.66015625 0.75234375 0.1609375 0.08671875
2 0.5984375 0.85078125 0.1921875 0.1109375
2 0.43125 0.85078125 0.13671875 0.10078125
2 0.2953125 0.58671875 0.125 0.1203125
2 0.2984375 0.71640625 0.1390625 0.15390625
2 0.1671875 0.66328125 0.1421875 0.259375
1 0.29296875 0.796875 0.053125 0.0265625
1 0.27421875 0.53515625 0.053125 0.0265625
1 0.4578125 0.5375 0.0265625 0.0171875
1 0.5453125 0.5359375 0.02421875 0.01953125
0 0.27890625 0.66015625 0.03828125 0.05078125
0 0.375 0.75859375 0.04296875 0.040625
0 0.3921875 0.77734375 0.04296875 0.05078125
0 0.41484375 0.7140625 0.05078125 0.053125
0 0.49296875 0.71171875 0.03828125 0.04296875
0 0.509375 0.6 0.053125 0.0453125
0 0.59375 0.75703125 0.0578125 0.0484375
0 0.625 0.77734375 0.04296875 0.06484375
0 0.66484375 0.734375 0.040625 0.0453125
0 0.71171875 0.353125 0.053125 0.0578125
0 0.709375 0.4046875 0.03359375 0.0359375