2 0.43359375 0.23203125 0.63203125 0.271875
2 0.865625 0.18984375 0.22578125 0.20703125
2 0.540625 0.48828125 0.8703125 0.509375
2 0.49375 0.81953125 0.43984375 0.2984375
2 0.19140625 0.82421875 0.17578125 0.2546875
1 0.1046875 0.259375 0.05546875 0.15390625
1 0.1078125 0.53515625 0.08671875 0.28125
1 0.10546875 0.8265625 0.04296875 0.240625
0 0.396875 0.6625 0.1203125 0.0984375
0 0.3234375 0.74765625 0.12734375 0.0765625
0 0.82578125 0.7015625 0.13671875 0.1875
0 0.83671875 0.3171875 0.10078125 0.08203125
0 0.6984375 0.32421875 0.146875 0.0625
0 0.25703125 0.34765625 0.1203125 0.0984375