2 0.4125 0.228125 0.6421875 0.3125
2 0.84375 0.1875 0.21640625 0.1875
2 0.51953125 0.484375 0.85546875 0.43046875
2 0.47109375 0.81640625 0.428125 0.2671875
2 0.16953125 0.821875 0.18984375 0.259375
1 0.0828125 0.25625 0.06015625 0.1515625
1 0.08671875 0.53125 0.08671875 0.27890625
1 0.084375 0.8234375 0.0625 0.23828125
0 0.3734375 0.65859375 0.11796875 0.09140625
0 0.3015625 0.74375 0.13203125 0.084375
0 0.803125 0.6984375 0.134375 0.18515625
0 0.81484375 0.31484375 0.10078125 0.08203125
0 0.6765625 0.32109375 0.146875 0.06015625
0 0.2359375 0.34375 0.125 0.1109375