2 0.05078125 0.1921875 0.10078125 0.2640625
2 0.296875 0.2015625 0.38203125 0.303125
2 0.55546875 0.1515625 0.14453125 0.1390625
2 0.78828125 0.2078125 0.3703125 0.3390625
2 0.71484375 0.59375 0.56953125 0.8125
2 0.53984375 0.7046875 0.1078125 0.10078125
0 0.6203125 0.728125 0.0671875 0.0625
0 0.6546875 0.88203125 0.13203125 0.178125
0 0.725 0.3234375 0.0890625 0.09375
0 0.4421875 0.28828125 0.10078125 0.071875
0 0.55078125 0.24375 0.0578125 0.06484375
0 0.10234375 0.2921875 0.15625 0.0796875
1 0.10703125 0.15859375 0.05546875 0.178125
1 0.96171875 0.2015625 0.0625 0.1921875
1 0.96171875 0.51328125 0.0671875 0.23828125
1 0.96640625 0.8234375 0.0671875 0.2046875