2 0.0765625 0.1890625 0.134375 0.26171875
2 0.31953125 0.196875 0.35546875 0.27421875
2 0.56953125 0.14921875 0.134375 0.125
2 0.79296875 0.2046875 0.34609375 0.3078125
2 0.728125 0.5796875 0.46640625 0.7453125
2 0.55390625 0.68125 0.103125 0.09375
0 0.63125 0.7046875 0.06015625 0.053125
0 0.66328125 0.85234375 0.10546875 0.165625
0 0.73203125 0.3140625 0.084375 0.09375
0 0.459375 0.2796875 0.10078125 0.06953125
0 0.5640625 0.23671875 0.06484375 0.06953125
0 0.13203125 0.28359375 0.14921875 0.08671875
1 0.13671875 0.15390625 0.0578125 0.1734375
1 0.959375 0.196875 0.03828125 0.1875
1 0.959375 0.49609375 0.03828125 0.228125
1 0.96640625 0.796875 0.0625 0.19921875