2 0.28125 0.578125 0.39921875 0.56015625
2 0.38359375 0.703125 0.209375 0.3296875
2 0.24140625 0.81484375 0.103125 0.10078125
2 0.13671875 0.8171875 0.1203125 0.09609375
2 0.125 0.93125 0.1296875 0.13671875
2 0.2546875 0.93046875 0.14921875 0.1390625
2 0.75234375 0.4109375 0.4328125 0.2546875
2 0.28125 0.1609375 0.45703125 0.321875
2 0.68046875 0.5609375 0.2640625 0.1609375
2 0.87890625 0.6359375 0.13671875 0.2140625
2 0.88359375 0.80625 0.13203125 0.12265625
2 0.68046875 0.7546875 0.27890625 0.2359375
1 0.88359375 0.8734375 0.05546875 0.021875
1 0.6921875 0.86875 0.1203125 0.0265625
1 0.76953125 0.290625 0.20703125 0.01953125
1 0.33046875 0.29453125 0.13671875 0.0453125
1 0.38359375 0.86640625 0.103125 0.0265625
0 0.22734375 0.303125 0.07421875 0.1109375
0 0.1734375 0.75234375 0.04296875 0.0578125
0 0.23671875 0.8015625 0.07421875 0.06484375
0 0.23671875 0.89453125 0.07421875 0.0671875
0 0.21640625 0.959375 0.0765625 0.0671875
0 0.78984375 0.59765625 0.06484375 0.06015625
0 0.7765625 0.46171875 0.0625 0.0578125
0 0.7796875 0.6734375 0.05078125 0.0625
0 0.8453125 0.73203125 0.05078125 0.040625