2 0.26328125 0.56875 0.4828125 0.603125
2 0.365625 0.6921875 0.22109375 0.3265625
2 0.22578125 0.80078125 0.10078125 0.09140625
2 0.12265625 0.803125 0.1109375 0.08671875
2 0.11171875 0.91796875 0.12265625 0.1296875
2 0.240625 0.91953125 0.14453125 0.1421875
2 0.728125 0.40390625 0.41796875 0.240625
2 0.2640625 0.1421875 0.41328125 0.28359375
2 0.65859375 0.5515625 0.2546875 0.146875
2 0.85234375 0.625 0.146875 0.21640625
2 0.85703125 0.7921875 0.1421875 0.13671875
2 0.6578125 0.740625 0.26171875 0.21640625
1 0.85703125 0.8578125 0.05546875 0.02421875
1 0.66953125 0.853125 0.11796875 0.02421875
1 0.7453125 0.2859375 0.2015625 0.02421875
1 0.3125 0.28828125 0.1390625 0.03359375
1 0.365625 0.85078125 0.10078125 0.02421875
0 0.21171875 0.296875 0.08671875 0.11328125
0 0.1578125 0.740625 0.0453125 0.0578125
0 0.2203125 0.7875 0.06953125 0.06015625
0 0.22109375 0.87890625 0.071875 0.06953125
0 0.20078125 0.9421875 0.07421875 0.0671875
0 0.7671875 0.58671875 0.0578125 0.053125
0 0.75234375 0.453125 0.0578125 0.05546875
0 0.75625 0.66015625 0.05078125 0.06015625
0 0.81953125 0.71875 0.0484375 0.04296875