2 0.25859375 0.55859375 0.478125 0.61328125
2 0.36328125 0.68515625 0.21640625 0.33203125
2 0.21875 0.7984375 0.10078125 0.09609375
2 0.1140625 0.80078125 0.11796875 0.09609375
2 0.10234375 0.91953125 0.12265625 0.13203125
2 0.234375 0.9203125 0.15625 0.15390625
2 0.7359375 0.390625 0.4375 0.2671875
2 0.259375 0.1421875 0.4421875 0.28359375
2 0.6625 0.5421875 0.271875 0.18046875
2 0.86328125 0.61796875 0.15859375 0.22578125
2 0.86796875 0.78828125 0.14921875 0.1390625
2 0.6625 0.73671875 0.2953125 0.25703125
1 0.86796875 0.85703125 0.0578125 0.03125
1 0.67421875 0.853125 0.11796875 0.04296875
1 0.7546875 0.26953125 0.20703125 0.02890625
1 0.30859375 0.271875 0.1421875 0.02421875
1 0.36328125 0.85 0.10546875 0.0265625
0 0.2046875 0.28125 0.071875 0.1109375
0 0.14921875 0.7359375 0.053125 0.0625
0 0.2140625 0.78515625 0.0765625 0.06953125
0 0.2140625 0.87890625 0.0765625 0.07421875
0 0.19453125 0.94375 0.0671875 0.06015625
0 0.77421875 0.578125 0.0671875 0.06484375
0 0.7609375 0.44140625 0.06015625 0.05078125
0 0.76328125 0.65234375 0.06015625 0.06953125
0 0.8296875 0.7140625 0.0484375 0.04296875