2 0.69921875 0.821875 0.1203125 0.21171875
2 0.86640625 0.62109375 0.228125 0.2046875
2 0.865625 0.35234375 0.23046875 0.334375
2 0.62890625 0.35078125 0.26171875 0.33671875
2 0.3640625 0.44921875 0.68984375 0.615625
2 0.71640625 0.62265625 0.1109375 0.1875
2 0.57421875 0.81484375 0.16328125 0.1875
2 0.42890625 0.7640625 0.19921875 0.28828125
2 0.20078125 0.7640625 0.3484375 0.3171875
2 0.19140625 0.0890625 0.2234375 0.178125
1 0.15625 0.171875 0.125 0.0359375
1 0.3765625 0.171875 0.12734375 0.06015625
1 0.603125 0.1765625 0.1203125 0.0453125
1 0.81640625 0.171875 0.06953125 0.0359375
1 0.90625 0.178125 0.071875 0.03828125
1 0.55859375 0.90625 0.07421875 0.03828125
1 0.4234375 0.9078125 0.071875 0.040625
1 0.16796875 0.90625 0.125 0.0484375
0 0.31484375 0.6578125 0.0578125 0.0796875
0 0.33203125 0.484375 0.03828125 0.07421875
0 0.24609375 0.19140625 0.06953125 0.146875
0 0.5375 0.48671875 0.05546875 0.0796875
0 0.428125 0.6625 0.071875 0.0890625
0 0.478125 0.78828125 0.0625 0.071875
0 0.6546875 0.5734375 0.06015625 0.0890625
0 0.77890625 0.57578125 0.0625 0.06953125
0 0.93984375 0.546875 0.053125 0.0796875
0 0.9421875 0.7515625 0.0578125 0.0796875
0 0.71875 0.94375 0.0625 0.09375