2 0.70078125 0.81875 0.1078125 0.2046875
2 0.86875 0.61796875 0.24296875 0.22109375
2 0.86796875 0.34765625 0.20703125 0.31953125
2 0.63125 0.34609375 0.28125 0.35078125
2 0.3640625 0.44453125 0.7140625 0.64453125
2 0.7171875 0.61796875 0.0796875 0.1828125
2 0.57578125 0.8125 0.15625 0.1875
2 0.43046875 0.7609375 0.178125 0.2859375
2 0.20078125 0.76171875 0.32421875 0.28828125
2 0.19140625 0.08671875 0.228125 0.1734375
1 0.15625 0.165625 0.125 0.04296875
1 0.3765625 0.1671875 0.12734375 0.05078125
1 0.6046875 0.1703125 0.12265625 0.04296875
1 0.81875 0.16796875 0.06953125 0.03359375
1 0.90859375 0.171875 0.071875 0.0265625
1 0.56015625 0.90390625 0.071875 0.03359375
1 0.42421875 0.9046875 0.07421875 0.03125
1 0.1671875 0.90390625 0.12265625 0.053125
0 0.31484375 0.65390625 0.0625 0.08203125
0 0.33203125 0.48046875 0.0484375 0.08203125
0 0.24609375 0.18515625 0.06953125 0.14921875
0 0.53828125 0.4828125 0.0484375 0.0765625
0 0.428125 0.65859375 0.071875 0.09140625
0 0.48046875 0.7859375 0.0578125 0.0671875
0 0.6578125 0.56953125 0.05546875 0.08671875
0 0.7796875 0.571875 0.06953125 0.071875
0 0.94375 0.54296875 0.05078125 0.0765625
0 0.94609375 0.7484375 0.05546875 0.0796875
0 0.7203125 0.94140625 0.05546875 0.0890625