2 0.21015625 0.1734375 0.1421875 0.259375
2 0.4859375 0.603125 0.71640625 0.625
2 0.55390625 0.8140625 0.209375 0.15625
2 0.58515625 0.4859375 0.24296875 0.34609375
2 0.8078125 0.4828125 0.23046875 0.33203125
2 0.875 0.765625 0.115625 0.2328125
1 0.6109375 0.31015625 0.14453125 0.04296875
1 0.771875 0.3140625 0.1390625 0.0453125
1 0.1390625 0.56875 0.03359375 0.1421875
1 0.1421875 0.73671875 0.02890625 0.13203125
0 0.5609375 0.7234375 0.084375 0.09609375
0 0.60703125 0.615625 0.0796875 0.09140625
0 0.7328125 0.62109375 0.071875 0.07421875
0 0.796875 0.790625 0.06953125 0.0625
0 0.7796875 0.89296875 0.103125 0.1609375
0 0.19921875 0.28359375 0.09140625 0.09609375