2 0.2140625 0.1671875 0.1734375 0.2671875
2 0.48671875 0.59140625 0.7046875 0.615625
2 0.55390625 0.80078125 0.209375 0.15859375
2 0.58671875 0.475 0.2546875 0.3484375
2 0.8078125 0.4734375 0.2640625 0.34609375
2 0.87109375 0.75390625 0.09375 0.2234375
1 0.61171875 0.3015625 0.1421875 0.0453125
1 0.7703125 0.30625 0.13671875 0.040625
1 0.14453125 0.5578125 0.02890625 0.14453125
1 0.1453125 0.725 0.0359375 0.13203125
0 0.5625 0.71171875 0.09140625 0.10078125
0 0.6078125 0.6046875 0.0765625 0.09375
0 0.73203125 0.6109375 0.07421875 0.08203125
0 0.7953125 0.77890625 0.071875 0.0625
0 0.77890625 0.87890625 0.10546875 0.15625
0 0.2046875 0.2765625 0.09609375 0.10078125