2 0.20546875 0.1671875 0.1515625 0.26171875
2 0.48046875 0.5953125 0.71171875 0.62265625
2 0.5484375 0.80546875 0.196875 0.1390625
2 0.58046875 0.47734375 0.25703125 0.3484375
2 0.8015625 0.47578125 0.25234375 0.34140625
2 0.86796875 0.75703125 0.1203125 0.23046875
1 0.60546875 0.303125 0.14453125 0.053125
1 0.765625 0.3078125 0.13671875 0.03828125
1 0.1359375 0.56015625 0.040625 0.1390625
1 0.13671875 0.728125 0.0484375 0.1296875
0 0.55625 0.71484375 0.09375 0.103125
0 0.60078125 0.6078125 0.0765625 0.09140625
0 0.72734375 0.61328125 0.0796875 0.08203125
0 0.790625 0.78125 0.071875 0.0671875
0 0.77265625 0.88359375 0.103125 0.1609375
0 0.19609375 0.2765625 0.0984375 0.10546875