2 0.23828125 0.21484375 0.34140625 0.353125
2 0.43046875 0.15859375 0.1296875 0.2015625
2 0.69375 0.2796875 0.4640625 0.48828125
2 0.9421875 0.26953125 0.115625 0.446875
2 0.740625 0.65390625 0.3125 0.33203125
2 0.33671875 0.4671875 0.5 0.4109375
1 0.89765625 0.64921875 0.05078125 0.1921875
1 0.9015625 0.2234375 0.071875 0.2359375
1 0.08203125 0.52421875 0.0484375 0.1390625
1 0.08203125 0.2203125 0.0484375 0.13671875
0 0.3578125 0.32421875 0.08203125 0.1109375
0 0.4390625 0.28984375 0.06015625 0.0890625
0 0.43046875 0.6765625 0.1203125 0.23828125
0 0.52265625 0.65234375 0.05546875 0.09375
0 0.56015625 0.615625 0.08203125 0.10546875
0 0.86640625 0.3953125 0.0890625 0.1078125