2 0.2328125 0.21640625 0.33203125 0.34140625
2 0.4234375 0.16015625 0.125 0.19921875
2 0.68359375 0.28125 0.43046875 0.45703125
2 0.94453125 0.26953125 0.1109375 0.4421875
2 0.73046875 0.65 0.33671875 0.353125
2 0.33046875 0.46640625 0.5359375 0.46640625
1 0.8859375 0.6453125 0.03125 0.19453125
1 0.8890625 0.22578125 0.053125 0.2359375
1 0.078125 0.52265625 0.0453125 0.1421875
1 0.078125 0.2203125 0.0265625 0.13671875
0 0.35234375 0.32421875 0.0796875 0.1109375
0 0.4328125 0.28984375 0.0578125 0.0890625
0 0.4234375 0.6734375 0.1109375 0.2359375
0 0.5140625 0.64921875 0.0578125 0.09140625
0 0.5515625 0.61171875 0.07421875 0.0984375
0 0.8546875 0.39453125 0.0890625 0.1109375