2 0.26171875 0.2453125 0.34140625 0.35078125
2 0.44921875 0.18984375 0.14921875 0.20703125
2 0.709375 0.31015625 0.4421875 0.46640625
2 0.946875 0.296875 0.10546875 0.43984375
2 0.75625 0.6765625 0.31484375 0.334375
2 0.3578125 0.49375 0.54296875 0.478125
1 0.91015625 0.6734375 0.03125 0.1921875
1 0.91328125 0.25390625 0.02890625 0.23828125
1 0.10703125 0.54921875 0.03125 0.1421875
1 0.10703125 0.25 0.0359375 0.134375
0 0.3796875 0.353125 0.08203125 0.1109375
0 0.459375 0.31875 0.0484375 0.084375
0 0.45078125 0.69921875 0.12265625 0.2359375
0 0.540625 0.67578125 0.053125 0.09140625
0 0.578125 0.63828125 0.07421875 0.0984375
0 0.8796875 0.421875 0.09609375 0.11328125