2 0.77734375 0.0984375 0.4203125 0.196875
2 0.665625 0.5265625 0.6109375 0.6296875
2 0.5890625 0.70546875 0.27421875 0.2765625
2 0.27265625 0.7078125 0.4015625 0.290625
2 0.22109375 0.39453125 0.28828125 0.35078125
1 0.228125 0.19453125 0.16328125 0.053125
1 0.05625 0.46640625 0.05546875 0.071875
1 0.05625 0.72734375 0.0796875 0.1515625
1 0.4578125 0.1921875 0.146875 0.0578125
1 0.81015625 0.1984375 0.15859375 0.06484375
0 0.634375 0.1625 0.1203125 0.1421875
0 0.7609375 0.734375 0.11328125 0.103125
0 0.7875 0.884375 0.103125 0.115625
0 0.61328125 0.70703125 0.125 0.115625
0 0.4203125 0.6265625 0.1109375 0.1078125
0 0.32578125 0.47109375 0.09375 0.09140625