2 0.7640625 0.1265625 0.4328125 0.25234375
2 0.65234375 0.56875 0.63203125 0.6515625
2 0.57421875 0.75 0.25 0.25
2 0.2546875 0.7515625 0.39453125 0.271875
2 0.203125 0.43515625 0.34375 0.3890625
1 0.209375 0.2328125 0.16796875 0.0625
1 0.0359375 0.50703125 0.0484375 0.071875
1 0.0375 0.7703125 0.07421875 0.1515625
1 0.4421875 0.23046875 0.14921875 0.0671875
1 0.7984375 0.2359375 0.16328125 0.0671875
0 0.6203125 0.19921875 0.115625 0.1390625
0 0.7484375 0.77890625 0.11328125 0.10546875
0 0.775 0.93046875 0.11328125 0.1203125
0 0.5984375 0.75 0.115625 0.10546875
0 0.40390625 0.66953125 0.1109375 0.11328125
0 0.31015625 0.51171875 0.10546875 0.10078125