2 0.75 0.11875 0.40390625 0.209375
2 0.6421875 0.5515625 0.6734375 0.68984375
2 0.56640625 0.72578125 0.24765625 0.25
2 0.25859375 0.728125 0.38671875 0.27421875
2 0.2078125 0.421875 0.31484375 0.36796875
1 0.21484375 0.228125 0.1609375 0.053125
1 0.0484375 0.49296875 0.053125 0.071875
1 0.0484375 0.74765625 0.0765625 0.14921875
1 0.4390625 0.22578125 0.1421875 0.071875
1 0.78125 0.23046875 0.15390625 0.0765625
0 0.6109375 0.19609375 0.1109375 0.13203125
0 0.7328125 0.75390625 0.10078125 0.09375
0 0.759375 0.9 0.115625 0.12734375
0 0.58984375 0.72578125 0.11796875 0.1109375
0 0.40234375 0.64765625 0.09375 0.09375
0 0.31015625 0.49765625 0.09609375 0.09140625