2 0.18984375 0.14453125 0.28828125 0.1734375
2 0.49375 0.35234375 0.31953125 0.56015625
2 0.80625 0.25234375 0.334375 0.384375
2 0.6828125 0.4578125 0.0578125 0.06953125
2 0.7328125 0.4515625 0.04296875 0.0578125
2 0.7765625 0.4515625 0.0484375 0.0625
2 0.821875 0.459375 0.04296875 0.0625
2 0.896875 0.45546875 0.09609375 0.05546875
2 0.803125 0.64453125 0.303125 0.3125
1 0.96640625 0.60234375 0.0625 0.2140625
1 0.6515625 0.06484375 0.428125 0.053125
2 0.07421875 0.29453125 0.053125 0.05546875
2 0.071875 0.3421875 0.0484375 0.0453125
2 0.071875 0.4015625 0.04296875 0.0625
2 0.1921875 0.44921875 0.2984375 0.3796875
2 0.13359375 0.71640625 0.19921875 0.1828125
2 0.43515625 0.71875 0.40859375 0.16796875
2 0.490625 0.89296875 0.321875 0.18046875
0 0.2953125 0.80625 0.134375 0.2140625
0 0.25234375 0.72265625 0.0765625 0.07421875
0 0.30546875 0.59140625 0.08671875 0.1109375
0 0.4328125 0.59375 0.0765625 0.1109375
0 0.61640625 0.68125 0.0984375 0.1078125
0 0.5625 0.7671875 0.08203125 0.09140625
0 0.6890625 0.1921875 0.11328125 0.10078125
0 0.303125 0.1859375 0.10078125 0.09375
1 0.2140625 0.2484375 0.21171875 0.05078125