2 0.18046875 0.11640625 0.3078125 0.18984375
2 0.4953125 0.3328125 0.375 0.603125
2 0.81953125 0.228125 0.34140625 0.39921875
2 0.69140625 0.4421875 0.05078125 0.0671875
2 0.74140625 0.4359375 0.0453125 0.06015625
2 0.78828125 0.4375 0.0484375 0.0625
2 0.83671875 0.4421875 0.04296875 0.0671875
2 0.9125 0.43984375 0.0984375 0.0578125
2 0.81640625 0.6359375 0.31953125 0.3296875
1 0.97734375 0.59140625 0.0453125 0.22109375
1 0.65859375 0.03515625 0.446875 0.0359375
2 0.06015625 0.271875 0.0484375 0.053125
2 0.0578125 0.3234375 0.0484375 0.0453125
2 0.0578125 0.38359375 0.0578125 0.06953125
2 0.1828125 0.43515625 0.365625 0.428125
2 0.12109375 0.71171875 0.19921875 0.1828125
2 0.43359375 0.71171875 0.43984375 0.22109375
2 0.490625 0.89296875 0.34140625 0.2140625
0 0.28984375 0.80546875 0.11328125 0.21640625
0 0.24375 0.7171875 0.0796875 0.07421875
0 0.29921875 0.58203125 0.0890625 0.1109375
0 0.43125 0.584375 0.09375 0.125
0 0.62265625 0.67421875 0.09609375 0.1078125
0 0.56640625 0.76328125 0.0890625 0.0984375
0 0.696875 0.165625 0.115625 0.10078125
0 0.2984375 0.16015625 0.10078125 0.09375
1 0.2046875 0.22578125 0.22109375 0.03359375