2 0.16328125 0.28125 0.259375 0.4328125
2 0.396875 0.20546875 0.240625 0.2671875
2 0.5453125 0.42578125 0.59609375 0.75
2 0.8890625 0.428125 0.22109375 0.696875
2 0.16328125 0.72578125 0.27421875 0.48046875
1 0.0359375 0.33203125 0.0625 0.16328125
1 0.03515625 0.70078125 0.0265625 0.34375
0 0.8234375 0.3703125 0.146875 0.134375
1 0.821875 0.58203125 0.02890625 0.1734375
1 0.8234375 0.21171875 0.05078125 0.21171875
0 0.49609375 0.4984375 0.06484375 0.0984375
0 0.43046875 0.51328125 0.0765625 0.0984375
0 0.4203125 0.365625 0.0578125 0.08671875
0 0.40390625 0.2765625 0.0671875 0.071875
0 0.30390625 0.3859375 0.06015625 0.0796875
0 0.25625 0.55078125 0.084375 0.10546875
0 0.3296875 0.73046875 0.071875 0.1390625