2 0.1671875 0.2875 0.290625 0.43515625
2 0.39453125 0.2140625 0.25 0.27890625
2 0.53984375 0.428125 0.56015625 0.71640625
2 0.87890625 0.43125 0.1515625 0.68515625
2 0.1671875 0.7203125 0.26171875 0.4640625
1 0.04296875 0.33671875 0.03359375 0.16328125
1 0.04453125 0.69453125 0.0890625 0.321875
0 0.81015625 0.3734375 0.1296875 0.11796875
1 0.80859375 0.5796875 0.0453125 0.16796875
1 0.81015625 0.21875 0.04296875 0.20703125
0 0.49140625 0.5 0.06015625 0.09609375
0 0.4265625 0.51328125 0.06484375 0.0890625
0 0.41796875 0.3703125 0.0671875 0.09140625
0 0.4015625 0.2828125 0.0625 0.06953125
0 0.30390625 0.3890625 0.06484375 0.0765625
0 0.25703125 0.54921875 0.0671875 0.0984375
0 0.328125 0.72578125 0.09375 0.14453125