2 0.5640625 0.80390625 0.05078125 0.0984375
2 0.51796875 0.82578125 0.05546875 0.05546875
2 0.5203125 0.775 0.05546875 0.040625
2 0.56875 0.68046875 0.0265625 0.02421875
2 0.56875 0.71015625 0.0265625 0.03125
2 0.5953125 0.7078125 0.03125 0.05078125
2 0.5453125 0.71171875 0.071875 0.08671875
2 0.475 0.69140625 0.06953125 0.05546875
2 0.4859375 0.7328125 0.0484375 0.03828125
2 0.453125 0.73828125 0.03125 0.03828125
2 0.4203125 0.709375 0.0625 0.08671875
2 0.52421875 0.59375 0.1390625 0.16328125
2 0.421875 0.55078125 0.084375 0.071875
2 0.421875 0.6234375 0.07421875 0.0796875
2 0.4421875 0.8078125 0.1109375 0.115625
2 0.34140625 0.8125 0.115625 0.08671875
2 0.37890625 0.734375 0.0453125 0.06953125
2 0.321875 0.7359375 0.0671875 0.0671875
2 0.3328125 0.6046875 0.12265625 0.19921875
1 0.28359375 0.58515625 0.009375 0.0265625
1 0.43515625 0.5140625 0.02421875 0.01953125
1 0.51953125 0.51328125 0.0484375 0.0171875
1 0.584375 0.5828125 0.0140625 0.040625
1 0.34609375 0.8609375 0.02421875 0.01953125
0 0.3328125 0.48828125 0.07421875 0.0625
0 0.4234375 0.60078125 0.01953125 0.03359375
0 0.478125 0.64921875 0.02890625 0.03828125
0 0.5671875 0.6546875 0.02421875 0.03125
0 0.53515625 0.6828125 0.0265625 0.02890625
0 0.52265625 0.7390625 0.03125 0.040625
0 0.546875 0.7140625 0.03125 0.02890625
0 0.59375 0.7171875 0.03359375 0.0453125
0 0.55078125 0.74765625 0.01953125 0.02421875
0 0.53828125 0.77734375 0.02890625 0.03125
0 0.4828125 0.7796875 0.02890625 0.03125
0 0.4828125 0.81484375 0.02421875 0.02890625
0 0.428125 0.76953125 0.02890625 0.03828125
0 0.41015625 0.79296875 0.0453125 0.03828125
0 0.3703125 0.78828125 0.03359375 0.03828125
2 0.6609375 0.2359375 0.28359375 0.3265625
2 0.5890625 0.23671875 0.15390625 0.18984375
2 0.5671875 0.3578125 0.1109375 0.0765625
0 0.58046875 0.2828125 0.0359375 0.0453125
0 0.6359375 0.203125 0.021875 0.03125
0 0.63828125 0.26953125 0.0265625 0.03828125
0 0.64296875 0.303125 0.03125 0.02421875
0 0.6296875 0.36171875 0.02890625 0.03125
1 0.80390625 0.23203125 0.01171875 0.05546875
1 0.5140625 0.24140625 0.01953125 0.05078125
2 0.415625 0.15 0.134375 0.165625
2 0.28125 0.1453125 0.1875 0.18046875
2 0.25 0.321875 0.115625 0.15859375
2 0.3453125 0.31015625 0.11328125 0.178125
2 0.43359375 0.32109375 0.0890625 0.15625
2 0.4171875 0.23671875 0.040625 0.07421875
0 0.36875 0.20078125 0.0265625 0.0265625
0 0.37890625 0.2390625 0.021875 0.03125
0 0.38671875 0.2546875 0.02421875 0.03359375
0 0.40859375 0.2875 0.02890625 0.03125
0 0.38125 0.3234375 0.0265625 0.03125
0 0.3453125 0.29453125 0.0265625 0.03125
0 0.3296875 0.24296875 0.02421875 0.03359375
0 0.30625 0.28515625 0.0171875 0.0171875
0 0.31015625 0.290625 0.01953125 0.02890625
0 0.37265625 0.38203125 0.02890625 0.03359375
0 0.375 0.41796875 0.03828125 0.0484375
0 0.25703125 0.26953125 0.02890625 0.03828125
0 0.22578125 0.271875 0.02890625 0.03359375
0 0.321875 0.0640625 0.02890625 0.0796875
1 0.19609375 0.1078125 0.0171875 0.053125
1 0.2359375 0.0609375 0.071875 0.0171875
1 0.41953125 0.0640625 0.0453125 0.01171875
1 0.43984375 0.39765625 0.04296875 0.021875
1 0.2484375 0.4 0.0453125 0.0265625