2 0.34140625 0.1578125 0.15859375 0.209375
2 0.1421875 0.2078125 0.2453125 0.30078125
2 0.54921875 0.43515625 0.56953125 0.7640625
2 0.75625 0.52421875 0.36796875 0.321875
2 0.89296875 0.19609375 0.1078125 0.32421875
2 0.50234375 0.53828125 0.16328125 0.29296875
2 0.1421875 0.703125 0.27890625 0.24765625
1 0.01328125 0.10703125 0.0265625 0.07421875
1 0.0203125 0.24765625 0.040625 0.1921875
1 0.01171875 0.4296875 0.0234375 0.08125
1 0.01328125 0.52265625 0.0265625 0.0796875
1 0.01171875 0.65703125 0.0234375 0.0734375
1 0.0109375 0.74765625 0.021875 0.0765625
0 0.65390625 0.34140625 0.08671875 0.115625
0 0.86640625 0.30546875 0.0984375 0.09140625
1 0.83671875 0.1546875 0.0484375 0.21875
1 0.92890625 0.484375 0.040625 0.18046875
1 0.92890625 0.61328125 0.0359375 0.071875
0 0.61171875 0.4859375 0.0890625 0.071875
0 0.3578125 0.3015625 0.0578125 0.084375
0 0.24765625 0.31484375 0.0765625 0.071875
0 0.2984375 0.47578125 0.0765625 0.08203125
0 0.24609375 0.7078125 0.06015625 0.06484375
0 0.32578125 0.82421875 0.06484375 0.16328125