2 0.36328125 0.11796875 0.15859375 0.21640625
2 0.15625 0.1703125 0.27421875 0.3265625
2 0.5796875 0.40625 0.6109375 0.8125
2 0.79453125 0.5 0.353125 0.29296875
2 0.93515625 0.1625 0.125 0.32421875
2 0.5296875 0.5140625 0.165625 0.303125
2 0.15625 0.68515625 0.27421875 0.2359375
1 0.01796875 0.06640625 0.0359375 0.0796875
1 0.0265625 0.2125 0.053125 0.19921875
1 0.01796875 0.40234375 0.0265625 0.084375
1 0.01953125 0.4984375 0.03359375 0.084375
1 0.01796875 0.63828125 0.0359375 0.0796875
1 0.01953125 0.73203125 0.03828125 0.084375
0 0.6875 0.31015625 0.09140625 0.1203125
0 0.90859375 0.271875 0.09609375 0.08671875
1 0.87734375 0.11640625 0.0671875 0.2234375
1 0.9734375 0.459375 0.03359375 0.1875
1 0.9734375 0.59375 0.04296875 0.0765625
0 0.64453125 0.46015625 0.10078125 0.0890625
0 0.38125 0.26796875 0.05546875 0.0890625
0 0.265625 0.28125 0.07421875 0.071875
0 0.31875 0.4484375 0.084375 0.084375
0 0.2640625 0.68984375 0.071875 0.071875
0 0.34609375 0.8109375 0.08671875 0.1703125