2 0.7171875 0.4015625 0.5265625 0.634375
2 0.5359375 0.1703125 0.14921875 0.178125
2 0.51171875 0.421875 0.10546875 0.11796875
2 0.49140625 0.4890625 0.06953125 0.084375
2 0.60546875 0.78125 0.1109375 0.134375
2 0.2828125 0.3078125 0.43046875 0.48046875
1 0.0890625 0.31484375 0.04296875 0.16796875
1 0.97109375 0.27421875 0.04296875 0.1734375
0 0.53515625 0.28984375 0.0796875 0.103125
0 0.509375 0.34375 0.0671875 0.09140625
0 0.43046875 0.31640625 0.09609375 0.11328125
0 0.60078125 0.896875 0.0765625 0.1296875
0 0.60078125 0.6734375 0.09609375 0.1296875