2 0.70703125 0.41015625 0.51953125 0.62734375
2 0.525 0.17890625 0.1421875 0.1703125
2 0.50234375 0.43046875 0.115625 0.125
2 0.48203125 0.49765625 0.06484375 0.08203125
2 0.59375 0.7875 0.09140625 0.11796875
2 0.27421875 0.31640625 0.4421875 0.48828125
1 0.08203125 0.3234375 0.02890625 0.1703125
1 0.95703125 0.2828125 0.04296875 0.1703125
0 0.525 0.2984375 0.06484375 0.09609375
0 0.5 0.35078125 0.071875 0.09140625
0 0.4203125 0.32421875 0.09140625 0.1109375
0 0.59140625 0.9015625 0.071875 0.1296875
0 0.58984375 0.68046875 0.0890625 0.1296875