2 0.69921875 0.41328125 0.51953125 0.6203125
2 0.5203125 0.18359375 0.13671875 0.165625
2 0.49609375 0.4328125 0.103125 0.1203125
2 0.47734375 0.4984375 0.06484375 0.0796875
2 0.5875 0.7859375 0.103125 0.1296875
2 0.2703125 0.32109375 0.415625 0.46875
1 0.08203125 0.3265625 0.02421875 0.16796875
1 0.946875 0.2875 0.0484375 0.165625
0 0.51953125 0.303125 0.071875 0.10078125
0 0.49375 0.3546875 0.06953125 0.0890625
0 0.4171875 0.328125 0.084375 0.103125
0 0.58515625 0.89921875 0.0890625 0.134375
0 0.584375 0.68046875 0.08671875 0.125