2 0.7328125 0.85078125 0.45703125 0.2984375
2 0.41796875 0.89296875 0.1921875 0.2140625
2 0.275 0.06953125 0.459375 0.1109375
2 0.72578125 0.15625 0.46640625 0.3125
2 0.49609375 0.43125 0.9546875 0.7140625
2 0.109375 0.6078125 0.13203125 0.14921875
1 0.19609375 0.13203125 0.25703125 0.03359375
0 0.43046875 0.771875 0.09140625 0.09140625
0 0.20546875 0.61640625 0.09375 0.06484375
0 0.2765625 0.65 0.1203125 0.103125
0 0.55078125 0.22109375 0.08671875 0.08203125
0 0.4421875 0.09140625 0.115625 0.1203125
1 0.94453125 0.40234375 0.02421875 0.09375
1 0.94921875 0.62734375 0.03359375 0.09609375