2 0.7328125 0.83984375 0.45703125 0.31953125
2 0.4203125 0.87890625 0.1734375 0.2046875
2 0.2734375 0.071875 0.45625 0.14375
2 0.72578125 0.14765625 0.46171875 0.2953125
2 0.49609375 0.41484375 0.896875 0.6078125
2 0.109375 0.59140625 0.11796875 0.14453125
1 0.19609375 0.1140625 0.25234375 0.0453125
0 0.43046875 0.7546875 0.08203125 0.08671875
0 0.20546875 0.5984375 0.09375 0.0671875
0 0.275 0.63203125 0.11796875 0.10078125
0 0.54921875 0.2046875 0.084375 0.08203125
0 0.4421875 0.071875 0.1203125 0.125
1 0.94453125 0.3859375 0.03359375 0.09375
1 0.94921875 0.6109375 0.04296875 0.09609375