1 0.17890625 0.08203125 0.13203125 0.04296875
1 0.64453125 0.084375 0.14453125 0.0484375
1 0.8859375 0.08203125 0.103125 0.03828125
1 0.84140625 0.89765625 0.14453125 0.03125
1 0.609375 0.89921875 0.1421875 0.04296875
1 0.3890625 0.89765625 0.134375 0.021875
1 0.12734375 0.89921875 0.134375 0.04296875
2 0.74296875 0.3484375 0.5140625 0.59140625
2 0.8328125 0.75703125 0.28125 0.29296875
2 0.61640625 0.75390625 0.19921875 0.2859375
2 0.39453125 0.7546875 0.16796875 0.27421875
2 0.13125 0.75625 0.209375 0.28125
2 0.265625 0.84609375 0.0890625 0.09609375
2 0.1765625 0.44375 0.32421875 0.7140625
2 0.3890625 0.5578125 0.1828125 0.134375
2 0.3953125 0.4515625 0.165625 0.1109375
2 0.3921875 0.3296875 0.178125 0.134375
2 0.396875 0.17578125 0.16796875 0.1828125
0 0.2796875 0.2203125 0.06953125 0.06953125
0 0.384375 0.24609375 0.0671875 0.06953125
0 0.2875 0.4671875 0.06953125 0.06484375
0 0.3921875 0.646875 0.0578125 0.0625
0 0.334375 0.671875 0.0765625 0.06953125
0 0.1859375 0.646875 0.06953125 0.08203125
0 0.26171875 0.828125 0.071875 0.07421875
0 0.26328125 0.92578125 0.07421875 0.09140625
0 0.665625 0.6453125 0.0484375 0.0796875
0 0.76328125 0.646875 0.06953125 0.0765625
0 0.8265625 0.584375 0.0625 0.053125
0 0.828125 0.4953125 0.0796875 0.071875
0 0.76796875 0.05078125 0.06953125 0.09140625