1 0.18125 0.071875 0.13203125 0.03828125
1 0.64453125 0.07421875 0.14453125 0.0484375
1 0.884375 0.071875 0.10546875 0.02890625
1 0.83984375 0.884375 0.1421875 0.053125
1 0.609375 0.8859375 0.1421875 0.040625
1 0.390625 0.884375 0.13203125 0.0484375
1 0.1296875 0.8859375 0.134375 0.03125
2 0.7453125 0.3390625 0.48046875 0.5671875
2 0.83203125 0.7453125 0.26953125 0.28828125
2 0.61640625 0.74140625 0.165625 0.2671875
2 0.396875 0.74296875 0.1921875 0.28359375
2 0.13359375 0.74375 0.18046875 0.2671875
2 0.26796875 0.834375 0.07421875 0.08203125
2 0.18515625 0.43125 0.3703125 0.7140625
2 0.390625 0.546875 0.18046875 0.13203125
2 0.396875 0.43984375 0.16796875 0.1203125
2 0.39296875 0.31953125 0.17578125 0.1390625
2 0.39765625 0.16484375 0.1703125 0.18515625
0 0.28125 0.209375 0.0765625 0.0765625
0 0.3859375 0.23671875 0.07421875 0.0796875
0 0.28828125 0.45546875 0.0671875 0.06484375
0 0.3921875 0.634375 0.0625 0.0671875
0 0.33671875 0.66015625 0.071875 0.06484375
0 0.1890625 0.634375 0.07421875 0.08671875
0 0.2640625 0.81484375 0.0671875 0.0671875
0 0.2640625 0.9125 0.0671875 0.0890625
0 0.665625 0.63359375 0.0484375 0.0796875
0 0.76171875 0.634375 0.0671875 0.0765625
0 0.82578125 0.571875 0.06015625 0.0484375
0 0.8265625 0.4828125 0.08203125 0.071875
0 0.76796875 0.0421875 0.06015625 0.084375