1 0.1875 0.07578125 0.134375 0.040625
1 0.646875 0.078125 0.14453125 0.040625
1 0.8859375 0.0765625 0.103125 0.01953125
1 0.8421875 0.88359375 0.1421875 0.05078125
1 0.61328125 0.884375 0.1390625 0.02421875
1 0.3953125 0.88359375 0.13671875 0.021875
1 0.13671875 0.884375 0.1296875 0.02421875
2 0.7484375 0.34140625 0.4828125 0.5625
2 0.834375 0.7453125 0.27421875 0.28828125
2 0.6203125 0.74140625 0.15859375 0.26171875
2 0.4 0.74296875 0.19921875 0.28359375
2 0.1390625 0.7453125 0.16796875 0.259375
2 0.27421875 0.8328125 0.08671875 0.09375
2 0.18515625 0.43359375 0.365625 0.709375
2 0.3953125 0.5484375 0.1703125 0.115625
2 0.4015625 0.4421875 0.16796875 0.125
2 0.39765625 0.321875 0.165625 0.125
2 0.40234375 0.1671875 0.15625 0.17578125
0 0.2875 0.2125 0.07421875 0.07421875
0 0.390625 0.2390625 0.0796875 0.0796875
0 0.2953125 0.4578125 0.0765625 0.07421875
0 0.396875 0.634375 0.0625 0.0671875
0 0.33984375 0.66015625 0.06953125 0.06484375
0 0.19453125 0.6359375 0.071875 0.0796875
0 0.26953125 0.81484375 0.0625 0.0671875
0 0.2703125 0.9125 0.06015625 0.084375
0 0.66796875 0.63359375 0.0578125 0.084375
0 0.7640625 0.634375 0.0671875 0.071875
0 0.828125 0.5734375 0.06484375 0.05546875
0 0.8296875 0.4859375 0.0765625 0.0625
0 0.76953125 0.0453125 0.0734375 0.090625