2 0.484375 0.10234375 0.96875 0.2046875
2 0.0984375 0.25390625 0.1921875 0.1078125
2 0.35546875 0.3078125 0.28359375 0.21640625
2 0.59609375 0.43984375 0.8078125 0.5765625
2 0.771875 0.56875 0.3609375 0.2234375
2 0.18046875 0.5875 0.3609375 0.209375
2 0.10078125 0.48203125 0.2015625 0.0453125
2 0.5 0.78671875 1 0.4265625
2 0.8796875 0.9265625 0.23046875 0.146875
1 0.37890625 0.20078125 0.19453125 0.0265625
1 0.7671875 0.19921875 0.22578125 0.053125
1 0.15234375 0.1984375 0.03125 0.01171875
1 0.69375 0.6765625 0.19921875 0.0453125
1 0.16953125 0.6765625 0.19453125 0.0453125
0 0.73671875 0.97109375 0.1609375 0.0578125
0 0.42890625 0.6984375 0.11796875 0.06015625
0 0.4171875 0.64765625 0.12734375 0.06484375
0 0.29921875 0.5625 0.0890625 0.03828125
0 0.63125 0.5359375 0.1078125 0.04296875
0 0.15625 0.4390625 0.115625 0.0359375
0 0.2328125 0.478125 0.08203125 0.03359375
0 0.3921875 0.4328125 0.1203125 0.053125
0 0.6 0.20078125 0.12734375 0.103125
0 0.1578125 0.31015625 0.09375 0.04296875