2 0.490625 0.11171875 0.96640625 0.2234375
2 0.1265625 0.25 0.18515625 0.09140625
2 0.375 0.303125 0.27890625 0.21171875
2 0.60703125 0.43125 0.7859375 0.5796875
2 0.77890625 0.55546875 0.3609375 0.23046875
2 0.1984375 0.57578125 0.3578125 0.18515625
2 0.12890625 0.47109375 0.19921875 0.0765625
2 0.5 0.7921875 1 0.415625
2 0.884375 0.91953125 0.22109375 0.1609375
1 0.39765625 0.19921875 0.18984375 0.03828125
1 0.77421875 0.1984375 0.21640625 0.06484375
1 0.178125 0.196875 0.02890625 0.0140625
1 0.703125 0.6609375 0.19453125 0.03359375
1 0.19453125 0.6609375 0.1875 0.02421875
0 0.74609375 0.9546875 0.1515625 0.0671875
0 0.44609375 0.68125 0.11328125 0.06953125
0 0.43515625 0.63203125 0.1203125 0.04296875
0 0.32109375 0.55078125 0.0890625 0.0484375
0 0.64453125 0.525 0.10546875 0.0359375
0 0.18125 0.42890625 0.11328125 0.05078125
0 0.25703125 0.46875 0.0765625 0.03828125
0 0.41015625 0.42578125 0.11328125 0.053125
0 0.61171875 0.19921875 0.12265625 0.09609375
0 0.1828125 0.30390625 0.09140625 0.05078125