2 0.490625 0.125 0.97109375 0.25
2 0.12265625 0.25234375 0.1921875 0.1109375
2 0.37265625 0.30546875 0.29296875 0.23046875
2 0.609375 0.43515625 0.74296875 0.46640625
2 0.77890625 0.55859375 0.365625 0.24296875
2 0.19453125 0.5796875 0.3609375 0.1875
2 0.125 0.475 0.2015625 0.06015625
2 0.5 0.81484375 1 0.3703125
2 0.88359375 0.925 0.2109375 0.15
1 0.396875 0.2015625 0.1921875 0.0140625
1 0.77421875 0.19921875 0.21171875 0.0671875
1 0.17578125 0.1984375 0.03359375 0.01171875
1 0.703125 0.66484375 0.19453125 0.0265625
1 0.1921875 0.66484375 0.1875 0.06015625
0 0.74609375 0.959375 0.1515625 0.0671875
0 0.44453125 0.68515625 0.1109375 0.0578125
0 0.4328125 0.6359375 0.1203125 0.05078125
0 0.31875 0.553125 0.0890625 0.03828125
0 0.6421875 0.52734375 0.1109375 0.05078125
0 0.17890625 0.4328125 0.11328125 0.0484375
0 0.2546875 0.47109375 0.0765625 0.03359375
0 0.40859375 0.4265625 0.115625 0.05546875
0 0.6109375 0.2015625 0.1203125 0.10078125
0 0.18046875 0.30625 0.09140625 0.040625