2 0.21015625 0.4234375 0.32421875 0.5484375
2 0.15234375 0.7796875 0.18515625 0.1703125
2 0.303125 0.771875 0.10078125 0.16796875
2 0.65390625 0.5015625 0.6921875 0.7953125
2 0.87265625 0.5890625 0.1734375 0.1875
2 0.83046875 0.3171875 0.290625 0.3609375
0 0.74609375 0.5328125 0.0796875 0.103125
0 0.75703125 0.61875 0.08671875 0.11328125
0 0.91015625 0.84765625 0.146875 0.23828125
0 0.39296875 0.55546875 0.0984375 0.115625
0 0.30390625 0.6546875 0.06484375 0.1078125
0 0.209375 0.6546875 0.071875 0.103125