2 0.85546875 0.32421875 0.15390625 0.34140625
2 0.63828125 0.31875 0.25703125 0.3296875
2 0.6359375 0.57421875 0.25234375 0.16328125
2 0.39296875 0.33203125 0.084375 0.2015625
2 0.47265625 0.33671875 0.06953125 0.1875
2 0.43046875 0.5625 0.14921875 0.3796875
2 0.2296875 0.41796875 0.2234375 0.2546875
2 0.2328125 0.67890625 0.22578125 0.2671875
1 0.11328125 0.415625 0.02421875 0.15390625
1 0.115625 0.65234375 0.01953125 0.1421875
1 0.77421875 0.259375 0.01953125 0.1828125
1 0.77265625 0.58203125 0.0171875 0.0625
0 0.78125 0.40390625 0.0765625 0.0765625
0 0.47578125 0.40390625 0.0484375 0.071875
0 0.384375 0.4015625 0.04296875 0.0671875
0 0.365625 0.43125 0.053125 0.07421875
0 0.39453125 0.7390625 0.03828125 0.12734375
0 0.490625 0.5328125 0.053125 0.0796875
0 0.32578125 0.5953125 0.05078125 0.06484375
0 0.634375 0.53125 0.053125 0.071875