2 0.31875 0.1046875 0.603125 0.18515625
2 0.8015625 0.1078125 0.3578125 0.1875
2 0.81875 0.3734375 0.26171875 0.31015625
2 0.35 0.46484375 0.63203125 0.49765625
2 0.15859375 0.625 0.27421875 0.1875
2 0.32109375 0.76328125 0.1421875 0.09375
2 0.5015625 0.76953125 0.19921875 0.09609375
2 0.1359375 0.76796875 0.2046875 0.09375
2 0.4984375 0.91328125 0.98828125 0.16328125
2 0.6078125 0.8890625 0.14453125 0.1109375
1 0.8140625 0.83203125 0.1609375 0.02421875
1 0.3390625 0.8296875 0.0625 0.0140625
1 0.1453125 0.83203125 0.05546875 0.01953125
1 0.19375 0.2078125 0.209375 0.01171875
1 0.53359375 0.20703125 0.15390625 0.01953125
1 0.79296875 0.20703125 0.16796875 0.0140625
0 0.3296875 0.61796875 0.09609375 0.0625
0 0.18125 0.68515625 0.084375 0.0625
0 0.34765625 0.68515625 0.084375 0.0765625
0 0.63203125 0.63125 0.1109375 0.05546875
0 0.7046875 0.33046875 0.09140625 0.1078125
0 0.3453125 0.18515625 0.09375 0.09140625
0 0.490625 0.75 0.09609375 0.08203125
0 0.4859375 0.8578125 0.10078125 0.08203125
0 0.5046875 0.91328125 0.1203125 0.0578125