2 0.734375 0.49609375 0.30546875 0.5796875
2 0.734375 0.10078125 0.32421875 0.2015625
2 0.48671875 0.321875 0.17578125 0.2359375
2 0.4859375 0.52421875 0.1875 0.1875
2 0.44609375 0.7015625 0.26171875 0.1921875
2 0.2171875 0.7015625 0.18984375 0.16328125
2 0.26171875 0.40859375 0.26953125 0.41328125
1 0.2609375 0.1859375 0.1515625 0.06484375
1 0.4953125 0.1875 0.071875 0.03828125
1 0.76796875 0.18984375 0.15625 0.053125
0 0.646875 0.1390625 0.09140625 0.1390625
0 0.6046875 0.3296875 0.0796875 0.09140625
0 0.6109375 0.68125 0.10546875 0.11328125
0 0.52265625 0.79453125 0.11328125 0.209375
0 0.50703125 0.6625 0.0765625 0.103125
0 0.35234375 0.57578125 0.09375 0.12265625
0 0.3390625 0.6890625 0.0671875 0.07421875