2 0.7171875 0.475 0.32421875 0.5984375
2 0.7171875 0.08671875 0.3296875 0.1734375
2 0.46484375 0.296875 0.17578125 0.23828125
2 0.46484375 0.50390625 0.2046875 0.2046875
2 0.42578125 0.68359375 0.27890625 0.21875
2 0.18984375 0.68515625 0.196875 0.1734375
2 0.23671875 0.384375 0.2953125 0.4375
1 0.234375 0.1578125 0.1515625 0.0453125
1 0.47578125 0.15859375 0.071875 0.04296875
1 0.75234375 0.1609375 0.15859375 0.053125
0 0.62890625 0.109375 0.084375 0.1421875
0 0.58515625 0.30390625 0.07421875 0.0890625
0 0.59140625 0.66328125 0.10546875 0.115625
0 0.50234375 0.77890625 0.115625 0.21171875
0 0.4859375 0.64296875 0.09140625 0.11328125
0 0.328125 0.55546875 0.103125 0.1296875
0 0.31484375 0.6703125 0.0671875 0.071875