2 0.22578125 0.2921875 0.39453125 0.4203125
2 0.1078125 0.41328125 0.14921875 0.15859375
2 0.109375 0.62265625 0.146875 0.28359375
2 0.375 0.16796875 0.10546875 0.16328125
2 0.2390625 0.61875 0.146875 0.28125
2 0.28359375 0.75234375 0.0765625 0.1296875
2 0.2125 0.8609375 0.146875 0.1734375
2 0.30625 0.8765625 0.05078125 0.12265625
2 0.37109375 0.88359375 0.084375 0.1078125
2 0.3640625 0.77421875 0.0984375 0.115625
2 0.30078125 0.52734375 0.08203125 0.09375
2 0.35234375 0.60546875 0.1421875 0.240625
2 0.44609375 0.60703125 0.06015625 0.271875
2 0.64453125 0.18515625 0.178125 0.20703125
2 0.6265625 0.3890625 0.11328125 0.21640625
2 0.7125 0.4515625 0.07421875 0.08671875
2 0.76328125 0.38359375 0.17578125 0.21875
2 0.8921875 0.37265625 0.125 0.2453125
2 0.89921875 0.1671875 0.115625 0.1609375
2 0.7765625 0.1921875 0.1296875 0.1828125
2 0.709375 0.4515625 0.071875 0.09140625
2 0.7703125 0.4953125 0.06015625 0.14921875
0 0.33671875 0.15625 0.04296875 0.04296875
0 0.33671875 0.19453125 0.0484375 0.04296875
0 0.16328125 0.37734375 0.03359375 0.04296875
0 0.1609375 0.571875 0.04296875 0.0484375
0 0.2671875 0.6734375 0.04296875 0.0625
0 0.2125 0.79296875 0.040625 0.0671875
0 0.26171875 0.88203125 0.053125 0.04296875
0 0.36875 0.69609375 0.0453125 0.05546875
0 0.43046875 0.68515625 0.0484375 0.053125
0 0.3859375 0.81015625 0.03125 0.04296875
0 0.31015625 0.62734375 0.03828125 0.04296875
0 0.665625 0.3125 0.04296875 0.053125
0 0.68984375 0.24765625 0.053125 0.0671875
0 0.728125 0.24765625 0.03828125 0.053125
0 0.72734375 0.3890625 0.0453125 0.053125
0 0.86171875 0.19609375 0.05078125 0.0453125
1 0.61796875 0.09609375 0.03828125 0.02421875
1 0.6546875 0.0953125 0.0359375 0.0171875
1 0.7609375 0.0984375 0.0359375 0.02421875
1 0.80078125 0.09609375 0.03828125 0.009375
1 0.94375 0.3140625 0.021875 0.06015625
1 0.94140625 0.36796875 0.01171875 0.053125
1 0.890625 0.25 0.040625 0.02890625
1 0.5671875 0.3953125 0.02421875 0.06953125
1 0.5671875 0.20703125 0.0140625 0.0578125
1 0.41328125 0.3125 0.01953125 0.04296875
1 0.41328125 0.3703125 0.01953125 0.0484375
1 0.040625 0.209375 0.01953125 0.053125
1 0.08984375 0.09609375 0.040625 0.02421875
1 0.1296875 0.09609375 0.03828125 0.01953125
1 0.2328125 0.09609375 0.04296875 0.02890625
1 0.27421875 0.0984375 0.04296875 0.02890625
1 0.040625 0.39921875 0.0140625 0.0625
1 0.0421875 0.61796875 0.0171875 0.053125
1 0.040625 0.67578125 0.01953125 0.053125
1 0.11171875 0.771875 0.040625 0.02890625
1 0.41328125 0.875 0.01953125 0.053125
1 0.4109375 0.771875 0.02421875 0.053125
1 0.41484375 0.57578125 0.021875 0.05546875
1 0.26328125 0.796875 0.0171875 0.0265625