2 0.3390625 0.11328125 0.553125 0.22578125
2 0.50390625 0.3609375 0.8578125 0.48046875
2 0.27890625 0.49765625 0.365625 0.2453125
2 0.3703125 0.55078125 0.16796875 0.1109375
2 0.27734375 0.709375 0.38671875 0.2546875
2 0.56015625 0.65859375 0.22109375 0.303125
2 0.7921875 0.6609375 0.30546875 0.3265625
2 0.49375 0.9046875 0.25234375 0.18984375
2 0.6828125 0.90390625 0.15859375 0.15859375
0 0.53515625 0.8546875 0.12265625 0.0984375
0 0.55859375 0.93125 0.13203125 0.084375
0 0.4109375 0.63671875 0.1109375 0.0625
0 0.50390625 0.54453125 0.11328125 0.0796875
0 0.69921875 0.59609375 0.1203125 0.071875
0 0.540625 0.16953125 0.125 0.0890625
0 0.50234375 0.42890625 0.1109375 0.0796875
1 0.275 0.821875 0.1609375 0.053125
1 0.3265625 0.196875 0.16328125 0.0625
1 0.6828125 0.19375 0.115625 0.03125
1 0.81015625 0.19609375 0.115625 0.03125
1 0.85078125 0.81875 0.125 0.0359375