2 0.36875 0.11328125 0.5265625 0.1921875
2 0.525 0.3578125 0.81953125 0.3703125
2 0.3109375 0.4890625 0.353125 0.24296875
2 0.39765625 0.53984375 0.1609375 0.103125
2 0.31015625 0.68984375 0.35546875 0.20703125
2 0.5796875 0.64296875 0.2453125 0.31015625
2 0.80078125 0.64453125 0.3125 0.3265625
2 0.51796875 0.88359375 0.2234375 0.1609375
2 0.696875 0.87734375 0.15390625 0.15390625
0 0.55546875 0.8296875 0.1203125 0.09140625
0 0.578125 0.90234375 0.12265625 0.06953125
0 0.4359375 0.62265625 0.11328125 0.0765625
0 0.525 0.53359375 0.103125 0.0671875
0 0.7125 0.5828125 0.11328125 0.06953125
0 0.5609375 0.178125 0.11328125 0.08203125
0 0.52421875 0.42578125 0.09609375 0.0625
1 0.3078125 0.79921875 0.15390625 0.0453125
1 0.3578125 0.2046875 0.15859375 0.02421875
1 0.69609375 0.19921875 0.1078125 0.01953125
1 0.81875 0.2015625 0.1078125 0.02890625
1 0.85703125 0.7953125 0.11796875 0.02421875