2 0.4703125 0.225 0.59375 0.43515625
2 0.853125 0.33984375 0.29296875 0.62734375
2 0.5796875 0.54453125 0.365625 0.26171875
2 0.6296875 0.81015625 0.46640625 0.34609375
2 0.3140625 0.8859375 0.1703125 0.1515625
2 0.2234375 0.61171875 0.41328125 0.43515625
2 0.115625 0.54453125 0.14453125 0.2234375
0 0.3640625 0.54921875 0.13671875 0.1078125
0 0.13828125 0.6890625 0.0890625 0.0890625
0 0.15234375 0.821875 0.1421875 0.196875
0 0.3109375 0.7921875 0.0796875 0.0890625
0 0.4515625 0.759375 0.125 0.08671875
0 0.76796875 0.3453125 0.2234375 0.146875
1 0.7609375 0.5328125 0.0265625 0.12734375
1 0.8546875 0.81015625 0.05078125 0.1921875
1 0.7640625 0.1734375 0.0625 0.2453125