2 0.47109375 0.225 0.6203125 0.44921875
2 0.8609375 0.3328125 0.2359375 0.63671875
2 0.584375 0.53984375 0.375 0.2765625
2 0.63359375 0.80625 0.4640625 0.3390625
2 0.3140625 0.884375 0.1703125 0.14453125
2 0.2234375 0.60703125 0.39453125 0.4203125
2 0.11328125 0.53984375 0.14921875 0.228125
0 0.365625 0.54453125 0.134375 0.103125
0 0.13671875 0.68515625 0.09140625 0.09140625
0 0.1515625 0.81953125 0.1390625 0.196875
0 0.3109375 0.78984375 0.0796875 0.0890625
0 0.453125 0.75703125 0.12734375 0.08671875
0 0.77421875 0.3390625 0.22109375 0.1109375
1 0.765625 0.5265625 0.021875 0.1296875
1 0.86171875 0.8078125 0.0265625 0.196875
1 0.76953125 0.16328125 0.0625 0.25