2 0.91484375 0.41015625 0.1703125 0.81953125
2 0.61875 0.6359375 0.43984375 0.46875
2 0.6921875 0.21484375 0.3078125 0.38203125
2 0.459375 0.21875 0.240625 0.3703125
2 0.2984375 0.334375 0.1296875 0.5484375
2 0.2984375 0.74140625 0.23046875 0.25234375
2 0.115625 0.74375 0.16328125 0.24765625
2 0.37890625 0.5328125 0.06015625 0.15625
0 0.60234375 0.359375 0.0890625 0.13203125
0 0.8859375 0.509375 0.11796875 0.14453125
0 0.2359375 0.8734375 0.09140625 0.25234375
0 0.2203125 0.7359375 0.0984375 0.125
0 0.31640625 0.296875 0.084375 0.12734375
1 0.84765625 0.22578125 0.05078125 0.14921875
1 0.85078125 0.72109375 0.03359375 0.1734375
1 0.2875 0.015625 0.07421875 0.03125
1 0.4171875 0.01328125 0.040625 0.0265625
1 0.60703125 0.01171875 0.0453125 0.0234375