2 0.40234375 0.4375 0.3921875 0.4515625
2 0.7171875 0.58515625 0.23828125 0.1609375
2 0.71640625 0.3546875 0.2453125 0.2953125
2 0.446875 0.734375 0.428125 0.1078125
2 0.28359375 0.865625 0.1390625 0.134375
1 0.2953125 0.2046875 0.09140625 0.02421875
1 0.47265625 0.2015625 0.15625 0.02421875
1 0.71484375 0.1984375 0.13671875 0.0265625
1 0.20078125 0.765625 0.0265625 0.040625
1 0.2015625 0.9 0.02890625 0.05546875
1 0.2015625 0.5578125 0.02890625 0.10546875
0 0.1625 0.34765625 0.103125 0.07421875
0 0.63125 0.48203125 0.0984375 0.084375
0 0.55078125 0.63203125 0.09609375 0.071875
0 0.303125 0.765625 0.09609375 0.06484375
0 0.725 0.63359375 0.09375 0.084375