2 0.171875 0.2984375 0.3296875 0.3703125
2 0.1703125 0.62265625 0.33203125 0.3265625
2 0.57421875 0.34140625 0.51953125 0.4421875
2 0.459375 0.65390625 0.27890625 0.20703125
2 0.4734375 0.8375 0.071875 0.1703125
2 0.571875 0.84609375 0.134375 0.16328125
2 0.75625 0.75234375 0.3296875 0.3609375
1 0.91953125 0.76796875 0.0453125 0.165625
1 0.8265625 0.31484375 0.0765625 0.28359375
1 0.0171875 0.63203125 0.03359375 0.15390625
1 0.021875 0.33515625 0.04296875 0.18984375
0 0.29296875 0.53984375 0.0671875 0.0890625
0 0.29453125 0.42421875 0.06484375 0.06953125
0 0.3734375 0.41953125 0.06015625 0.084375
0 0.85546875 0.5203125 0.071875 0.084375
0 0.62734375 0.6984375 0.0625 0.07421875
0 0.5625 0.7328125 0.053125 0.08203125
0 0.47109375 0.7296875 0.0671875 0.084375
0 0.38203125 0.775 0.08203125 0.24296875