2 0.1828125 0.2953125 0.3078125 0.35546875
2 0.1828125 0.61796875 0.3125 0.303125
2 0.58046875 0.33671875 0.540625 0.47109375
2 0.46640625 0.646875 0.27421875 0.21171875
2 0.48046875 0.8296875 0.0671875 0.16796875
2 0.578125 0.8375 0.13671875 0.1609375
2 0.759375 0.7453125 0.3171875 0.34609375
1 0.921875 0.7609375 0.0359375 0.165625
1 0.8296875 0.3109375 0.0625 0.2859375
1 0.02734375 0.625 0.040625 0.15390625
1 0.02890625 0.3328125 0.03828125 0.18515625
0 0.303125 0.53359375 0.0671875 0.08671875
0 0.303125 0.4203125 0.0625 0.0625
0 0.38203125 0.415625 0.053125 0.08203125
0 0.8578125 0.515625 0.0671875 0.07421875
0 0.63203125 0.6921875 0.071875 0.08203125
0 0.56875 0.72578125 0.06015625 0.08203125
0 0.478125 0.72265625 0.0625 0.084375
0 0.390625 0.76953125 0.0890625 0.240625