2 0.1390625 0.2078125 0.134375 0.32421875
2 0.37890625 0.228125 0.415625 0.3890625
2 0.74296875 0.2359375 0.3171875 0.384375
2 0.54296875 0.59765625 0.134375 0.37265625
2 0.8109375 0.76328125 0.2046875 0.2328125
2 0.8453125 0.5421875 0.1078125 0.2140625
2 0.69453125 0.5109375 0.1734375 0.15625
2 0.6578125 0.64453125 0.11328125 0.10546875
2 0.66328125 0.78828125 0.14453125 0.1734375
1 0.90234375 0.25 0.01171875 0.1296875
1 0.90625 0.5484375 0.02421875 0.071875
1 0.90390625 0.75703125 0.01953125 0.1203125
1 0.17421875 0.178125 0.0359375 0.14453125
1 0.10078125 0.20546875 0.0484375 0.31484375