2 0.09375 0.21015625 0.071875 0.34375
2 0.34609375 0.23046875 0.47109375 0.446875
2 0.7296875 0.23671875 0.37734375 0.43515625
2 0.51953125 0.6203125 0.15390625 0.39453125
2 0.8015625 0.7953125 0.2234375 0.2546875
2 0.8375 0.5625 0.13203125 0.23046875
2 0.67890625 0.5296875 0.19921875 0.18046875
2 0.6390625 0.6703125 0.125 0.1109375
2 0.6453125 0.821875 0.13671875 0.1734375
1 0.89921875 0.25234375 0.02890625 0.134375
1 0.9015625 0.56875 0.01953125 0.07421875
1 0.9 0.78984375 0.0359375 0.12734375
1 0.1296875 0.178125 0.02421875 0.15390625
1 0.053125 0.2078125 0.071875 0.32421875