2 0.09140625 0.26796875 0.16328125 0.2671875
2 0.2546875 0.4328125 0.21640625 0.22109375
2 0.25234375 0.23671875 0.1875 0.18515625
2 0.39921875 0.196875 0.09140625 0.10546875
2 0.5046875 0.19453125 0.1203125 0.1109375
2 0.5046875 0.34765625 0.14453125 0.2046875
2 0.50625 0.49140625 0.12265625 0.09375
2 0.39765625 0.353125 0.0984375 0.2015625
2 0.37265625 0.49765625 0.03828125 0.0625
2 0.4203125 0.4890625 0.0484375 0.07421875
2 0.41953125 0.6234375 0.17578125 0.17578125
2 0.53515625 0.62265625 0.084375 0.1734375
2 0.74609375 0.259375 0.31015625 0.26953125
2 0.6859375 0.4578125 0.18046875 0.15625
2 0.88203125 0.62109375 0.2359375 0.209375
2 0.80078125 0.459375 0.03828125 0.14453125
2 0.8578125 0.4578125 0.071875 0.146875
2 0.92421875 0.33515625 0.1515625 0.3921875
0 0.953125 0.55859375 0.05546875 0.06953125
0 0.68125 0.359375 0.084375 0.06953125
0 0.79296875 0.3640625 0.03359375 0.05078125
0 0.84765625 0.36328125 0.040625 0.053125
0 0.42578125 0.2765625 0.053125 0.0671875
0 0.4703125 0.27421875 0.040625 0.0484375
0 0.490625 0.4703125 0.0484375 0.06953125
0 0.49296875 0.6421875 0.0484375 0.0625
0 0.48046875 0.55625 0.04296875 0.06484375
0 0.37265625 0.5515625 0.04296875 0.06484375
0 0.13828125 0.30546875 0.06484375 0.0625
0 0.334375 0.30078125 0.053125 0.0625
0 0.334375 0.36796875 0.0484375 0.0578125
0 0.3890625 0.44140625 0.0578125 0.05546875
1 0.15859375 0.453125 0.01953125 0.06953125
1 0.15859375 0.24296875 0.02421875 0.071875
1 0.56640625 0.32421875 0.00703125 0.03828125
1 0.603125 0.259375 0.02890625 0.14921875
1 0.60234375 0.4265625 0.00703125 0.06953125
1 0.56484375 0.22265625 0.0140625 0.03125