2 0.0828125 0.29921875 0.1609375 0.25234375
2 0.2390625 0.4578125 0.2046875 0.2140625
2 0.23828125 0.2703125 0.178125 0.17578125
2 0.37734375 0.23203125 0.10078125 0.11328125
2 0.478125 0.2296875 0.1203125 0.11328125
2 0.4796875 0.375 0.11796875 0.1875
2 0.4796875 0.5140625 0.11328125 0.08203125
2 0.3765625 0.38125 0.0890625 0.19453125
2 0.35234375 0.5203125 0.03125 0.05546875
2 0.39921875 0.51171875 0.04296875 0.071875
2 0.396875 0.640625 0.1921875 0.18984375
2 0.50859375 0.63828125 0.07421875 0.165625
2 0.71015625 0.2921875 0.2953125 0.25703125
2 0.65234375 0.48203125 0.17578125 0.15625
2 0.85078125 0.6390625 0.22109375 0.16796875
2 0.76171875 0.4828125 0.053125 0.1390625
2 0.8171875 0.48046875 0.0578125 0.1390625
2 0.90234375 0.36640625 0.11328125 0.36796875
0 0.90859375 0.578125 0.0484375 0.06484375
0 0.64921875 0.38671875 0.0765625 0.0671875
0 0.7546875 0.3921875 0.02890625 0.0484375
0 0.8078125 0.390625 0.03828125 0.05078125
0 0.40234375 0.3078125 0.05078125 0.0625
0 0.44453125 0.30546875 0.03828125 0.04296875
0 0.46484375 0.49296875 0.040625 0.0625
0 0.46640625 0.65859375 0.0484375 0.0578125
0 0.45703125 0.57578125 0.0484375 0.06484375
0 0.353125 0.571875 0.0484375 0.0625
0 0.12734375 0.33515625 0.0578125 0.05546875
0 0.31484375 0.33046875 0.0578125 0.06484375
0 0.31484375 0.3953125 0.0484375 0.05546875
0 0.36875 0.46640625 0.05546875 0.053125
1 0.146875 0.47734375 0.02421875 0.06953125
1 0.14765625 0.2765625 0.021875 0.0671875
1 0.53828125 0.353125 0.0140625 0.03359375
1 0.571875 0.290625 0.02890625 0.14453125
1 0.571875 0.45078125 0.009375 0.06484375
1 0.5375 0.25703125 0.01171875 0.02890625