2 0.1296875 0.165625 0.1828125 0.134375
2 0.2984375 0.1390625 0.178125 0.196875
2 0.171875 0.3328125 0.2859375 0.21875
2 0.12734375 0.69921875 0.25 0.5625
2 0.3109375 0.75 0.19453125 0.28828125
2 0.3171875 0.41015625 0.15390625 0.34375
2 0.4734375 0.3421875 0.2453125 0.4640625
2 0.5 0.73671875 0.259375 0.3390625
2 0.64453125 0.5890625 0.16328125 0.321875
2 0.6671875 0.76171875 0.12734375 0.1296875
2 0.66953125 0.89921875 0.11328125 0.1203125
2 0.84609375 0.6734375 0.25 0.46171875
2 0.90234375 0.26953125 0.1515625 0.321875
2 0.7453125 0.271875 0.21640625 0.321875
2 0.60234375 0.2203125 0.084375 0.19921875
2 0.6046875 0.37734375 0.103125 0.115625
0 0.5375 0.225 0.06015625 0.07421875
0 0.3421875 0.19921875 0.05546875 0.0765625
0 0.24140625 0.1875 0.06484375 0.0671875
0 0.2828125 0.33046875 0.06484375 0.07421875
0 0.17578125 0.28515625 0.0578125 0.06953125
0 0.36328125 0.5375 0.0484375 0.0796875
0 0.25 0.803125 0.0625 0.071875
0 0.2796875 0.92421875 0.05078125 0.0890625
0 0.53515625 0.4796875 0.05546875 0.07421875
0 0.60703125 0.46875 0.06015625 0.08671875
0 0.68046875 0.46640625 0.0625 0.08671875
0 0.6890625 0.7453125 0.05078125 0.071875
0 0.68984375 0.86328125 0.053125 0.09140625
0 0.8734375 0.40390625 0.0453125 0.071875
1 0.51328125 0.89296875 0.103125 0.0359375
1 0.48828125 0.10546875 0.10078125 0.0484375
1 0.60234375 0.10546875 0.05078125 0.02890625
1 0.71875 0.1109375 0.10078125 0.03359375
1 0.97109375 0.275 0.04296875 0.12734375
1 0.96875 0.671875 0.04296875 0.30078125