1 0.0875 0.13203125 0.06953125 0.1109375
1 0.1421875 0.2671875 0.1828125 0.16796875
1 0.21171875 0.4265625 0.321875 0.17578125
1 0.296875 0.2859375 0.13671875 0.115625
1 0.49140625 0.38671875 0.228125 0.2359375
1 0.28984375 0.1515625 0.11796875 0.1390625
1 0.1765625 0.13203125 0.11328125 0.115625
1 0.52421875 0.1734375 0.34609375 0.22109375
1 0.6875 0.3390625 0.16796875 0.16328125
1 0.66328125 0.4359375 0.10546875 0.06015625
1 0.8296875 0.42578125 0.22578125 0.1921875
1 0.821875 0.30625 0.08203125 0.084375
1 0.89453125 0.30625 0.0671875 0.07421875
1 0.80859375 0.1703125 0.25234375 0.20703125
0 0.615625 0.084375 0.0625 0.071875
0 0.24609375 0.13671875 0.0453125 0.03828125
0 0.29453125 0.24296875 0.05078125 0.0484375
0 0.08203125 0.2046875 0.0484375 0.04296875
0 0.03828125 0.31875 0.0578125 0.0453125
0 0.1234375 0.328125 0.06015625 0.05546875
0 0.22265625 0.321875 0.0984375 0.0484375
0 0.3140625 0.3296875 0.06015625 0.0625
0 0.62890625 0.32109375 0.06484375 0.05078125
0 0.671875 0.39453125 0.06015625 0.053125
0 0.66953125 0.48046875 0.06953125 0.0671875
0 0.7515625 0.365625 0.05546875 0.03828125
0 0.8953125 0.36328125 0.0453125 0.0484375
0 0.765625 0.31015625 0.06015625 0.04296875
0 0.7546875 0.24765625 0.053125 0.0484375
2 0.6828125 0.7875 0.375 0.38203125
2 0.28125 0.8734375 0.46640625 0.25234375
2 0.4078125 0.69453125 0.2046875 0.1875
2 0.0984375 0.65234375 0.09140625 0.0890625
2 0.09609375 0.73671875 0.09609375 0.09375
2 0.225 0.7078125 0.165625 0.1421875
1 0.259375 0.5046875 0.0671875 0.009375
1 0.30859375 0.5046875 0.0359375 0.009375
1 0.45078125 0.50625 0.03125 0.00703125
1 0.5109375 0.50625 0.084375 0.0171875
1 0.79296875 0.50625 0.03359375 0.01171875
1 0.8453125 0.5046875 0.06484375 0.009375
1 0.1875 0.0765625 0.03828125 0.009375
1 0.2609375 0.0796875 0.021875 0.0140625
1 0.29921875 0.078125 0.06015625 0.01171875
1 0.4546875 0.08046875 0.08671875 0.0171875
1 0.5359375 0.0796875 0.08671875 0.01953125
1 0.79296875 0.078125 0.03828125 0.0171875
1 0.8453125 0.0796875 0.06484375 0.01953125
1 0.415625 0.6078125 0.09140625 0.02890625
1 0.20078125 0.96640625 0.103125 0.0140625
1 0.46171875 0.96484375 0.08203125 0.0171875
1 0.7046875 0.96484375 0.10078125 0.021875
1 0.18359375 0.64453125 0.03125 0.009375
1 0.2765625 0.6453125 0.03359375 0.00234375
0 0.22578125 0.64296875 0.0671875 0.1078125
0 0.29453125 0.66796875 0.05078125 0.03359375
0 0.15859375 0.69921875 0.0671875 0.08203125
0 0.1890625 0.7609375 0.07421875 0.06484375
0 0.60078125 0.58046875 0.14921875 0.0796875
0 0.759375 0.5796875 0.134375 0.071875
0 0.4859375 0.94375 0.0578125 0.0453125
0 0.63828125 0.94140625 0.05546875 0.0359375