1 0.1046875 0.11328125 0.06015625 0.10078125
1 0.15859375 0.24765625 0.178125 0.16796875
1 0.228125 0.4078125 0.3171875 0.165625
1 0.3125 0.2671875 0.134375 0.115625
1 0.50625 0.36796875 0.228125 0.2359375
1 0.30546875 0.13203125 0.125 0.14453125
1 0.19453125 0.1140625 0.115625 0.11796875
1 0.53828125 0.15390625 0.33671875 0.2015625
1 0.70078125 0.31953125 0.146875 0.14453125
1 0.678125 0.4171875 0.10078125 0.05546875
1 0.84375 0.40625 0.22578125 0.1921875
1 0.83515625 0.28828125 0.0796875 0.08203125
1 0.90625 0.2875 0.071875 0.084375
1 0.821875 0.15234375 0.2453125 0.19921875
0 0.6296875 0.06640625 0.0625 0.07421875
0 0.26171875 0.11875 0.0484375 0.040625
0 0.31015625 0.22265625 0.053125 0.05078125
0 0.0984375 0.1859375 0.04296875 0.040625
0 0.05546875 0.30078125 0.0625 0.0484375
0 0.1421875 0.30859375 0.0625 0.06015625
0 0.23828125 0.303125 0.10078125 0.0578125
0 0.3296875 0.31015625 0.0625 0.0625
0 0.6421875 0.3015625 0.0625 0.0453125
0 0.68515625 0.375 0.0625 0.0578125
0 0.6828125 0.46015625 0.0578125 0.06015625
0 0.7640625 0.34609375 0.0578125 0.03828125
0 0.9078125 0.34375 0.05078125 0.053125
0 0.77890625 0.2921875 0.0578125 0.0359375
0 0.76796875 0.2296875 0.05546875 0.05546875
2 0.696875 0.765625 0.34609375 0.3578125
2 0.296875 0.85234375 0.4546875 0.2046875
2 0.4234375 0.67421875 0.21171875 0.19453125
2 0.115625 0.63203125 0.09140625 0.08671875
2 0.11328125 0.71484375 0.08671875 0.084375
2 0.240625 0.6859375 0.15390625 0.13203125
1 0.2765625 0.4859375 0.0625 0.02421875
1 0.32421875 0.4859375 0.03359375 0.009375
1 0.46484375 0.4859375 0.03125 0.009375
1 0.525 0.48671875 0.084375 0.00703125
1 0.80546875 0.4859375 0.03359375 0.0140625
1 0.8578125 0.4859375 0.0625 0.01953125
1 0.2046875 0.05859375 0.03828125 0.01171875
1 0.2765625 0.0609375 0.01953125 0.01171875
1 0.31484375 0.06015625 0.0625 0.01953125
1 0.46875 0.0625 0.08671875 0.02890625
1 0.54921875 0.0609375 0.0890625 0.0265625
1 0.80546875 0.06015625 0.03828125 0.0140625
1 0.85703125 0.0625 0.06015625 0.02421875
1 0.43046875 0.5875 0.09140625 0.01171875
1 0.21640625 0.94453125 0.10078125 0.02421875
1 0.47578125 0.94375 0.08203125 0.021875
1 0.7171875 0.94453125 0.103125 0.0140625
1 0.20078125 0.6234375 0.03125 0.01171875
1 0.2921875 0.6234375 0.0359375 0.00703125
0 0.24296875 0.62265625 0.071875 0.1109375
0 0.31015625 0.64765625 0.0578125 0.0453125
0 0.17578125 0.67890625 0.0625 0.084375
0 0.20546875 0.740625 0.06953125 0.0625
0 0.6140625 0.56015625 0.1421875 0.0625
0 0.77265625 0.55859375 0.13671875 0.084375
0 0.5 0.9203125 0.0578125 0.0484375
0 0.6515625 0.91796875 0.053125 0.03828125