1 0.08203125 0.125 0.0671875 0.10546875
1 0.13671875 0.26171875 0.178125 0.15859375
1 0.2078125 0.42421875 0.334375 0.2046875
1 0.29453125 0.2828125 0.1515625 0.13203125
1 0.49140625 0.3859375 0.24765625 0.25234375
1 0.2875 0.14453125 0.12265625 0.14453125
1 0.1734375 0.1265625 0.115625 0.11796875
1 0.525 0.16796875 0.34375 0.21171875
1 0.69140625 0.33515625 0.165625 0.1609375
1 0.6671875 0.43515625 0.103125 0.0578125
1 0.83515625 0.42421875 0.209375 0.1609375
1 0.828125 0.303125 0.084375 0.08671875
1 0.9015625 0.303125 0.0671875 0.0765625
1 0.81484375 0.16484375 0.259375 0.21875
0 0.61796875 0.0765625 0.0625 0.071875
0 0.24296875 0.13125 0.04296875 0.0359375
0 0.29296875 0.23671875 0.0484375 0.0453125
0 0.07578125 0.19921875 0.040625 0.04296875
0 0.03125 0.31484375 0.0578125 0.04296875
0 0.11796875 0.32421875 0.0625 0.053125
0 0.2171875 0.31875 0.1078125 0.06015625
0 0.3109375 0.32578125 0.06015625 0.06015625
0 0.63203125 0.3171875 0.0625 0.0484375
0 0.67578125 0.3921875 0.0671875 0.0625
0 0.6734375 0.4796875 0.0671875 0.06484375
0 0.75625 0.36171875 0.06015625 0.05078125
0 0.90234375 0.3609375 0.05078125 0.053125
0 0.7703125 0.3078125 0.06484375 0.04296875
0 0.759375 0.2453125 0.053125 0.053125
2 0.6859375 0.790625 0.353125 0.3609375
2 0.27734375 0.8734375 0.4734375 0.25234375
2 0.4078125 0.696875 0.19921875 0.178125
2 0.0921875 0.65390625 0.0890625 0.08671875
2 0.08984375 0.740625 0.0890625 0.08671875
2 0.22109375 0.71015625 0.178125 0.1609375
1 0.25703125 0.5046875 0.0671875 0.01953125
1 0.30625 0.5046875 0.0359375 0.0046875
1 0.45078125 0.5046875 0.03125 0.009375
1 0.5109375 0.50703125 0.0796875 0.02421875
1 0.7984375 0.5046875 0.03359375 0.009375
1 0.85078125 0.5046875 0.0671875 0.02421875
1 0.1828125 0.06953125 0.03828125 0.009375
1 0.25703125 0.071875 0.01953125 0.0140625
1 0.2984375 0.071875 0.0625 0.009375
1 0.4546875 0.0734375 0.09140625 0.0171875
1 0.5375 0.071875 0.0890625 0.01953125
1 0.7984375 0.071875 0.03828125 0.01953125
1 0.85078125 0.071875 0.0625 0.0140625
1 0.415625 0.609375 0.09609375 0.01171875
1 0.196875 0.9734375 0.10546875 0.0046875
1 0.46171875 0.97265625 0.08203125 0.03125
1 0.7078125 0.97265625 0.103125 0.03125
1 0.18046875 0.6453125 0.02890625 0.01171875
1 0.27265625 0.646875 0.0359375 0.0046875
0 0.22265625 0.6453125 0.07421875 0.11328125
0 0.2921875 0.6703125 0.05546875 0.04296875
0 0.15390625 0.703125 0.071875 0.0890625
0 0.18515625 0.7640625 0.071875 0.0625
0 0.60234375 0.58046875 0.146875 0.06953125
0 0.7640625 0.5796875 0.134375 0.071875
0 0.48671875 0.94921875 0.05546875 0.04296875
0 0.640625 0.946875 0.06015625 0.04296875