2 0.53125 0.1109375 0.79296875 0.15390625
2 0.30390625 0.38203125 0.34375 0.35546875
2 0.70546875 0.5296875 0.49765625 0.69453125
2 0.26953125 0.803125 0.22578125 0.09609375
2 0.30859375 0.6546875 0.34375 0.24296875
0 0.58984375 0.91328125 0.1515625 0.1203125
0 0.56953125 0.16328125 0.14921875 0.10078125
0 0.4203125 0.25234375 0.15859375 0.09140625
0 0.415625 0.47109375 0.1875 0.09609375
0 0.3015625 0.72109375 0.165625 0.10078125
0 0.546875 0.6609375 0.13671875 0.0765625
1 0.271875 0.18984375 0.23046875 0.04296875
1 0.76953125 0.1859375 0.23046875 0.06015625
1 0.31484375 0.88203125 0.0625 0.04296875