2 0.50859375 0.10703125 0.81015625 0.2140625
2 0.2765625 0.36875 0.35078125 0.36328125
2 0.6875 0.5203125 0.52890625 0.71875
2 0.240625 0.79921875 0.2359375 0.11328125
2 0.28359375 0.64765625 0.35078125 0.24296875
0 0.56875 0.9125 0.165625 0.13671875
0 0.5484375 0.146875 0.15390625 0.10546875
0 0.396875 0.23671875 0.16796875 0.103125
0 0.3921875 0.46015625 0.1875 0.07421875
0 0.275 0.71484375 0.1703125 0.1078125
0 0.525 0.65234375 0.1421875 0.0890625
1 0.2453125 0.1734375 0.23046875 0.0671875
1 0.75234375 0.1703125 0.240625 0.03828125
1 0.2875 0.8796875 0.06484375 0.0484375