2 0.50234375 0.1046875 0.8171875 0.209375
2 0.26953125 0.38203125 0.35078125 0.365625
2 0.68046875 0.53515625 0.490625 0.7046875
2 0.23046875 0.81484375 0.240625 0.1390625
2 0.27265625 0.66328125 0.34375 0.22109375
0 0.5625 0.92890625 0.15390625 0.12265625
0 0.540625 0.1578125 0.15390625 0.0984375
0 0.38828125 0.25 0.165625 0.1109375
0 0.38359375 0.475 0.18984375 0.084375
0 0.265625 0.73203125 0.165625 0.084375
0 0.51796875 0.66796875 0.146875 0.10078125
1 0.2359375 0.18515625 0.2359375 0.0484375
1 0.74609375 0.1828125 0.2328125 0.071875
1 0.27890625 0.896875 0.0625 0.03828125