2 0.446875 0.16796875 0.28359375 0.2640625
2 0.64765625 0.0921875 0.09375 0.12265625
2 0.64921875 0.2328125 0.08671875 0.134375
2 0.41796875 0.40234375 0.22578125 0.17578125
2 0.4984375 0.55859375 0.38671875 0.49296875
1 0.29921875 0.634375 0.01171875 0.25
1 0.29921875 0.40390625 0.01171875 0.053125
1 0.29921875 0.16796875 0.01171875 0.2453125
0 0.53984375 0.33046875 0.040625 0.0453125
0 0.56875 0.3296875 0.0453125 0.0671875
0 0.546875 0.39921875 0.0453125 0.053125
0 0.56484375 0.421875 0.04296875 0.06484375
0 0.6515625 0.3328125 0.0484375 0.0796875
0 0.5796875 0.09375 0.053125 0.053125
0 0.6609375 0.84609375 0.0578125 0.09609375