2 0.103125 0.43046875 0.16796875 0.7359375
2 0.4015625 0.6828125 0.446875 0.27890625
2 0.44609375 0.32109375 0.55078125 0.5171875
2 0.83671875 0.26796875 0.27890625 0.37734375
2 0.8609375 0.64453125 0.26953125 0.41328125
2 0.68515625 0.6453125 0.20703125 0.40625
0 0.66796875 0.85 0.0671875 0.24765625
0 0.64296875 0.62734375 0.0796875 0.115625
0 0.78984375 0.6109375 0.11328125 0.15859375
0 0.73828125 0.38125 0.071875 0.11796875
0 0.30859375 0.5109375 0.06953125 0.13671875
0 0.1515625 0.484375 0.09609375 0.11796875
0 0.15234375 0.6359375 0.09375 0.1078125
0 0.39296875 0.6296875 0.06484375 0.10546875
1 0.47109375 0.06640625 0.03828125 0.040625
1 0.5640625 0.06640625 0.11796875 0.06015625
1 0.65859375 0.06640625 0.04296875 0.040625
1 0.9734375 0.35078125 0.03359375 0.1734375
1 0.971875 0.565625 0.05625 0.18125