2 0.43125 0.20703125 0.1515625 0.178125
2 0.5671875 0.3078125 0.16796875 0.375
2 0.57578125 0.5515625 0.13671875 0.13671875
2 0.415625 0.53828125 0.125 0.14921875
2 0.4484375 0.75234375 0.18046875 0.27421875
2 0.515625 0.0734375 0.23828125 0.12734375
2 0.42890625 0.375 0.1515625 0.1828125
0 0.48828125 0.2640625 0.03828125 0.0484375
0 0.5359375 0.10703125 0.0484375 0.06015625
0 0.55390625 0.5203125 0.0359375 0.0453125
0 0.5203125 0.5671875 0.0453125 0.0578125
0 0.4859375 0.51796875 0.03359375 0.0453125
0 0.51953125 0.6359375 0.04296875 0.05546875
0 0.51328125 0.4125 0.040625 0.040625
0 0.42421875 0.390625 0.040625 0.0453125
1 0.42578125 0.6140625 0.0625 0.0171875
1 0.58515625 0.6140625 0.0453125 0.0171875
1 0.5921875 0.125 0.05078125 0.009375
1 0.46484375 0.1234375 0.06015625 0.01171875