2 0.1625 0.6140625 0.18515625 0.521875
2 0.46484375 0.44140625 0.5796875 0.88203125
2 0.82421875 0.67421875 0.28359375 0.396875
2 0.8171875 0.24609375 0.259375 0.4734375
0 0.6203125 0.8765625 0.0484375 0.228125
0 0.21875 0.41953125 0.1296875 0.12734375
0 0.58203125 0.4015625 0.071875 0.115625
0 0.7359375 0.4234375 0.0671875 0.09609375
0 0.73828125 0.8078125 0.08203125 0.10546875
1 0.94375 0.24140625 0.0171875 0.24296875
1 0.94375 0.72109375 0.021875 0.240625
1 0.2171875 0.1921875 0.0796875 0.2640625
1 0.22109375 0.67578125 0.10078125 0.35078125