2 0.1546875 0.6 0.165625 0.540625
2 0.46640625 0.4359375 0.5734375 0.871875
2 0.83671875 0.6609375 0.28828125 0.40859375
2 0.82734375 0.23046875 0.2515625 0.4609375
0 0.6265625 0.86796875 0.09375 0.23046875
0 0.2140625 0.39921875 0.134375 0.1296875
0 0.58671875 0.3796875 0.071875 0.1203125
0 0.7453125 0.40390625 0.0765625 0.10078125
0 0.74609375 0.796875 0.084375 0.1078125
1 0.959375 0.21640625 0.0140625 0.25
1 0.9578125 0.709375 0.06953125 0.2359375
1 0.2125 0.1671875 0.0453125 0.28125
1 0.21640625 0.6625 0.071875 0.36796875