2 0.1671875 0.60703125 0.1515625 0.521875
2 0.46875 0.4328125 0.47578125 0.83671875
2 0.82421875 0.665625 0.240625 0.3796875
2 0.8140625 0.24296875 0.31953125 0.4859375
0 0.6203125 0.865625 0.08671875 0.22578125
0 0.2234375 0.41328125 0.125 0.125
0 0.5828125 0.3953125 0.06953125 0.11328125
0 0.734375 0.4171875 0.06953125 0.0984375
0 0.7359375 0.796875 0.08671875 0.1078125
1 0.93984375 0.23671875 0.03359375 0.23828125
1 0.93984375 0.7140625 0.053125 0.23046875
1 0.2234375 0.1890625 0.053125 0.2671875
1 0.22578125 0.66796875 0.0671875 0.35546875