2 0.5015625 0.1984375 0.88671875 0.396875
2 0.2140625 0.60078125 0.35546875 0.47578125
2 0.39921875 0.771875 0.08671875 0.10078125
2 0.46171875 0.89296875 0.20703125 0.13203125
2 0.6515625 0.73046875 0.196875 0.196875
2 0.84375 0.73046875 0.20703125 0.20703125
2 0.49609375 0.77265625 0.11796875 0.11328125
2 0.453125 0.6390625 0.209375 0.1875
2 0.4328125 0.4640625 0.16796875 0.1828125
2 0.56015625 0.4625 0.1109375 0.18515625
2 0.65859375 0.42578125 0.10546875 0.1109375
2 0.65859375 0.51953125 0.09609375 0.071875
2 0.82578125 0.4640625 0.24296875 0.20703125
2 0.68125 0.5953125 0.26171875 0.12734375
1 0.1453125 0.82578125 0.084375 0.021875
1 0.31015625 0.82578125 0.03828125 0.01171875
1 0.6703125 0.8296875 0.09140625 0.02890625
1 0.85234375 0.8265625 0.0890625 0.02421875
1 0.83671875 0.3734375 0.08671875 0.0265625
1 0.66796875 0.3734375 0.03828125 0.0171875
1 0.56953125 0.37265625 0.03359375 0.009375
1 0.11171875 0.375 0.05078125 0.01953125
1 0.15859375 0.375 0.03359375 0.0140625
1 0.20546875 0.37734375 0.040625 0.0140625
0 0.3078125 0.353125 0.0625 0.0671875
0 0.43359375 0.35546875 0.06015625 0.0578125
0 0.43515625 0.5765625 0.0625 0.0671875
0 0.40625 0.69921875 0.0625 0.0625
0 0.4828125 0.853125 0.0625 0.0625
0 0.48203125 0.7453125 0.06484375 0.071875
0 0.5671875 0.57578125 0.0625 0.06953125
0 0.678125 0.57421875 0.0765625 0.0578125
0 0.67421875 0.66328125 0.0796875 0.071875
0 0.7828125 0.65859375 0.05546875 0.0625
0 0.78515625 0.53359375 0.06015625 0.0625
0 0.83671875 0.58046875 0.0578125 0.0453125