2 0.08515625 0.03125 0.0984375 0.0625
2 0.08671875 0.1 0.09609375 0.06015625
2 0.1625 0.25625 0.2765625 0.2671875
2 0.209375 0.071875 0.15625 0.14375
2 0.3578125 0.10078125 0.1390625 0.2015625
2 0.41328125 0.290625 0.2546875 0.1921875
2 0.5875 0.115625 0.3390625 0.23046875
2 0.6265625 0.259375 0.15625 0.2359375
2 0.771875 0.32421875 0.22109375 0.3796875
2 0.73828125 0.5671875 0.08203125 0.115625
2 0.7390625 0.66015625 0.0890625 0.06484375
2 0.84921875 0.77890625 0.3015625 0.3140625
2 0.95625 0.6390625 0.0875 0.115625
2 0.9625 0.5265625 0.07421875 0.10546875
2 0.85078125 0.5453125 0.1390625 0.15859375
2 0.9375 0.4125 0.125 0.11328125
2 0.915625 0.24609375 0.16796875 0.23828125
2 0.878125 0.07421875 0.24375 0.1484375
0 0.759375 0.95703125 0.0578125 0.0578125
0 0.59765625 0.4015625 0.06484375 0.0671875
0 0.865625 0.28515625 0.0578125 0.05546875
0 0.9078125 0.15234375 0.040625 0.0453125
0 0.946875 0.33984375 0.03828125 0.05078125
0 0.9046875 0.5453125 0.05078125 0.03828125
0 0.77421875 0.54453125 0.053125 0.040625
0 0.7171875 0.61328125 0.0359375 0.04296875
0 0.55546875 0.3296875 0.053125 0.04296875
0 0.15234375 0.01953125 0.05546875 0.03828125
0 0.15390625 0.0921875 0.0484375 0.03125
0 0.1703125 0.115625 0.053125 0.053125
1 0.9109375 0.93984375 0.1296875 0.01953125
1 0.15625 0.3796875 0.20703125 0.0625