2 0.04921875 0.046875 0.0984375 0.09375
2 0.04921875 0.13203125 0.0984375 0.0625
2 0.12734375 0.2859375 0.2546875 0.25
2 0.171875 0.084375 0.146875 0.16796875
2 0.31875 0.11796875 0.1421875 0.2359375
2 0.375 0.321875 0.2640625 0.21171875
2 0.5453125 0.12265625 0.321875 0.2453125
2 0.58671875 0.28984375 0.1875 0.25234375
2 0.73046875 0.35546875 0.1734375 0.375
2 0.696875 0.59609375 0.09609375 0.1203125
2 0.69921875 0.6890625 0.08203125 0.05546875
2 0.8234375 0.81015625 0.3296875 0.3171875
2 0.92890625 0.66953125 0.0984375 0.1078125
2 0.93359375 0.55625 0.09375 0.1078125
2 0.81015625 0.57578125 0.14921875 0.1703125
2 0.91015625 0.44375 0.146875 0.1078125
2 0.89296875 0.27890625 0.165625 0.21640625
2 0.85234375 0.08984375 0.2765625 0.1796875
0 0.7171875 0.97734375 0.05078125 0.0453125
0 0.5578125 0.43125 0.0625 0.06484375
0 0.82421875 0.31484375 0.0578125 0.053125
0 0.865625 0.18515625 0.04296875 0.0484375
0 0.90625 0.37109375 0.04296875 0.05078125
0 0.8640625 0.57421875 0.05078125 0.03828125
0 0.7328125 0.57421875 0.0484375 0.03828125
0 0.6765625 0.6421875 0.0359375 0.04296875
0 0.5140625 0.3609375 0.053125 0.04296875
0 0.11796875 0.05078125 0.0578125 0.04296875
0 0.11640625 0.1234375 0.05078125 0.0265625
0 0.13203125 0.146875 0.0484375 0.04296875
1 0.8703125 0.96484375 0.1296875 0.03125
1 0.11796875 0.41015625 0.21640625 0.0265625