2 0.35078125 0.109375 0.5046875 0.21875
2 0.25859375 0.30546875 0.31953125 0.22578125
2 0.1828125 0.41796875 0.16796875 0.0765625
2 0.27890625 0.53515625 0.365625 0.25703125
2 0.61171875 0.45078125 0.4640625 0.57421875
2 0.2796875 0.73828125 0.37265625 0.22109375
2 0.6515625 0.759375 0.3703125 0.1390625
2 0.19140625 0.8859375 0.17578125 0.12734375
0 0.37890625 0.35078125 0.11328125 0.071875
0 0.2015625 0.3578125 0.115625 0.071875
0 0.2234375 0.540625 0.10546875 0.0625
0 0.4953125 0.48828125 0.10546875 0.0578125
0 0.5 0.60703125 0.1203125 0.06953125
0 0.40859375 0.734375 0.1203125 0.06484375
0 0.521875 0.84375 0.1109375 0.071875
0 0.75 0.84375 0.10546875 0.0671875
0 0.33046875 0.87265625 0.11796875 0.04296875
0 0.5296875 0.15390625 0.11328125 0.071875
1 0.6984375 0.18125 0.17578125 0.05078125
1 0.34375 0.18046875 0.1203125 0.04296875
1 0.84140625 0.265625 0.053125 0.103125
1 0.84140625 0.4625 0.03359375 0.084375