2 0.6984375 0.11875 0.478125 0.1515625
2 0.7828125 0.32109375 0.3296875 0.2671875
2 0.86171875 0.4375 0.165625 0.0671875
2 0.41328125 0.4671875 0.39921875 0.540625
2 0.30859375 0.77734375 0.15625 0.11328125
2 0.4890625 0.7796875 0.2046875 0.1078125
2 0.60703125 0.8890625 0.290625 0.115625
2 0.853125 0.90234375 0.1734375 0.13671875
2 0.7671875 0.7515625 0.34609375 0.19453125
2 0.68359375 0.62109375 0.1703125 0.12734375
2 0.7765625 0.55546875 0.3703125 0.28359375
0 0.5265625 0.17890625 0.09609375 0.06015625
0 0.66796875 0.3703125 0.115625 0.071875
0 0.83984375 0.38203125 0.09375 0.0671875
0 0.55078125 0.50234375 0.1203125 0.0484375
0 0.82421875 0.56015625 0.08203125 0.0578125
0 0.55625 0.62109375 0.1078125 0.06953125
0 0.63828125 0.7515625 0.1078125 0.06015625
0 0.72265625 0.890625 0.11328125 0.05546875
0 0.53515625 0.853125 0.0984375 0.0671875
0 0.30859375 0.853125 0.1078125 0.071875
1 0.2234375 0.28515625 0.0578125 0.1078125
1 0.22109375 0.48203125 0.0625 0.0984375
1 0.36640625 0.1984375 0.18046875 0.0359375
1 0.70703125 0.2015625 0.1109375 0.03828125
1 0.678125 0.834375 0.115625 0.04296875