2 0.2484375 0.27421875 0.19921875 0.21171875
2 0.19921875 0.384375 0.10546875 0.0578125
2 0.26171875 0.49609375 0.21640625 0.2234375
2 0.25703125 0.67890625 0.21640625 0.1421875
2 0.203125 0.821875 0.1078125 0.1203125
2 0.48671875 0.4640625 0.2328125 0.58203125
2 0.68984375 0.3265625 0.16328125 0.27421875
2 0.79453125 0.33984375 0.040625 0.084375
0 0.546875 0.77734375 0.06484375 0.06484375
0 0.4109375 0.78515625 0.0671875 0.06015625
0 0.2921875 0.8125 0.06484375 0.04296875
0 0.22265625 0.50390625 0.05078125 0.040625
0 0.2140625 0.33046875 0.053125 0.05546875
0 0.3234375 0.32109375 0.06953125 0.040625
0 0.396875 0.44609375 0.0671875 0.040625
0 0.39765625 0.5609375 0.06484375 0.040625
0 0.3453125 0.6828125 0.06953125 0.0484375
0 0.634375 0.34609375 0.08203125 0.0484375
1 0.6046875 0.24140625 0.021875 0.0890625
1 0.603125 0.4265625 0.0140625 0.07421875
1 0.5140625 0.1625 0.1203125 0.0171875
1 0.303125 0.16328125 0.0671875 0.01953125
1 0.31640625 0.75859375 0.06953125 0.0171875