2 0.4984375 0.36171875 0.36328125 0.65625
2 0.39453125 0.740625 0.1390625 0.1203125
2 0.55859375 0.73828125 0.19921875 0.1109375
2 0.8265625 0.7046875 0.3171875 0.20703125
2 0.90625 0.8859375 0.178125 0.1609375
2 0.8390625 0.18125 0.28359375 0.271875
2 0.90859375 0.32109375 0.14921875 0.06953125
2 0.81640625 0.46171875 0.3296875 0.2984375
2 0.1828125 0.25 0.29296875 0.384375
2 0.66015625 0.8734375 0.2859375 0.165625
0 0.39921875 0.83203125 0.08671875 0.0765625
0 0.60546875 0.83203125 0.09609375 0.09140625
0 0.77421875 0.86796875 0.09609375 0.0625
0 0.7078125 0.7015625 0.103125 0.0765625
0 0.6265625 0.5484375 0.0984375 0.071875
0 0.63125 0.40390625 0.103125 0.08203125
0 0.7359375 0.24140625 0.10078125 0.07421875
0 0.8921875 0.2515625 0.09140625 0.07421875
0 0.26953125 0.27421875 0.1203125 0.0625
0 0.875 0.4703125 0.0765625 0.06953125
1 0.3140625 0.13671875 0.05078125 0.1296875
1 0.3125 0.37109375 0.0625 0.1078125
1 0.44921875 0.0375 0.1734375 0.0359375
1 0.7671875 0.03515625 0.1109375 0.0453125
1 0.74765625 0.8015625 0.115625 0.0359375