2 0.3265625 0.103125 0.58203125 0.15859375
2 0.228125 0.3015625 0.384375 0.271875
2 0.64765625 0.45078125 0.4828125 0.53125
2 0.35703125 0.6046875 0.19921875 0.12734375
2 0.1421875 0.4171875 0.20703125 0.06953125
2 0.240625 0.53828125 0.40390625 0.2546875
2 0.24375 0.73671875 0.40625 0.17578125
2 0.146875 0.8890625 0.2359375 0.1734375
2 0.578125 0.75703125 0.24765625 0.125
2 0.79296875 0.765625 0.178125 0.13203125
2 0.459375 0.875 0.3796875 0.1828125
0 0.30546875 0.875 0.134375 0.071875
0 0.53125 0.8421875 0.1203125 0.06953125
0 0.78828125 0.8390625 0.115625 0.0671875
0 0.40390625 0.734375 0.134375 0.07421875
0 0.5 0.60703125 0.134375 0.06953125
0 0.4984375 0.48828125 0.12734375 0.0625
0 0.3609375 0.353125 0.115625 0.0578125
0 0.15625 0.3609375 0.1296875 0.0671875
0 0.18984375 0.540625 0.115625 0.071875
0 0.53359375 0.14921875 0.1203125 0.0671875
1 0.31953125 0.17890625 0.1296875 0.040625
1 0.72578125 0.18046875 0.2015625 0.04296875
1 0.9015625 0.26796875 0.053125 0.103125
1 0.89921875 0.46015625 0.0484375 0.0890625
1 0.34765625 0.8171875 0.146875 0.02890625