2 0.69453125 0.0984375 0.6109375 0.196875
2 0.33203125 0.45703125 0.5 0.58203125
2 0.78359375 0.75859375 0.4328125 0.23828125
2 0.9 0.9234375 0.19921875 0.14921875
2 0.57109375 0.91328125 0.4109375 0.1734375
2 0.19609375 0.7953125 0.18515625 0.1296875
2 0.4359375 0.79296875 0.271875 0.09609375
2 0.68984375 0.62109375 0.21640625 0.13203125
2 0.7859375 0.54453125 0.428125 0.31015625
2 0.90390625 0.41953125 0.1921875 0.07421875
2 0.775 0.30078125 0.44921875 0.3171875
0 0.2140625 0.87265625 0.115625 0.0765625
0 0.48046875 0.87734375 0.1203125 0.09140625
0 0.63125 0.75859375 0.13671875 0.0796875
0 0.72578125 0.9109375 0.1390625 0.0625
0 0.86328125 0.55625 0.115625 0.05078125
0 0.8953125 0.365625 0.1421875 0.08671875
0 0.67421875 0.35703125 0.1421875 0.0796875
0 0.5203125 0.49296875 0.12734375 0.0671875
0 0.525 0.62734375 0.13671875 0.0671875
0 0.490625 0.1453125 0.134375 0.0796875
1 0.67890625 0.8484375 0.1609375 0.03828125
1 0.2703125 0.1671875 0.24296875 0.0453125
1 0.0875 0.2609375 0.05078125 0.1078125
1 0.0875 0.47265625 0.06015625 0.0984375
1 0.7140625 0.1703125 0.15390625 0.03359375
1 0.67890625 0.85 0.1421875 0.0265625