2 0.4859375 0.13125 0.8703125 0.26171875
2 0.18125 0.4171875 0.25703125 0.396875
2 0.578125 0.53359375 0.69453125 0.65390625
2 0.2390625 0.72734375 0.3484375 0.26171875
1 0.1515625 0.84609375 0.14453125 0.03828125
1 0.7703125 0.8453125 0.1515625 0.0453125
1 0.1703125 0.21640625 0.0671875 0.03828125
1 0.4109375 0.2140625 0.10078125 0.01953125
1 0.70078125 0.21484375 0.103125 0.0265625
1 0.8109375 0.21640625 0.0984375 0.02890625
0 0.540625 0.1859375 0.125 0.103125
0 0.16796875 0.3375 0.09609375 0.06484375
0 0.2546875 0.34140625 0.1109375 0.0765625
0 0.17578125 0.46484375 0.10078125 0.07421875
0 0.62734375 0.65625 0.10546875 0.0671875
0 0.78984375 0.6546875 0.09375 0.06953125
0 0.540625 0.5640625 0.1109375 0.07421875
0 0.35546875 0.64765625 0.1109375 0.07421875
0 0.53125 0.75859375 0.10078125 0.07421875
0 0.53125 0.875 0.10546875 0.08671875
2 0.48828125 0.91484375 0.2453125 0.1078125