2 0.475 0.1046875 0.9015625 0.209375
2 0.1578125 0.39921875 0.26171875 0.41328125
2 0.57109375 0.521875 0.74765625 0.7015625
2 0.2171875 0.7234375 0.3578125 0.2640625
1 0.1265625 0.8453125 0.1515625 0.0359375
1 0.771875 0.8453125 0.15859375 0.021875
1 0.146875 0.18984375 0.0671875 0.03359375
1 0.3953125 0.1890625 0.103125 0.0359375
1 0.6984375 0.18984375 0.1078125 0.04296875
1 0.8140625 0.18984375 0.103125 0.03828125
0 0.53125 0.15859375 0.1296875 0.10546875
0 0.14453125 0.3171875 0.10546875 0.0765625
0 0.2328125 0.32109375 0.115625 0.07421875
0 0.15 0.44921875 0.11328125 0.0765625
0 0.62109375 0.64921875 0.11328125 0.0765625
0 0.790625 0.64765625 0.09609375 0.06484375
0 0.5328125 0.553125 0.1078125 0.071875
0 0.34140625 0.640625 0.1203125 0.0890625
0 0.521875 0.7546875 0.115625 0.09609375
0 0.52265625 0.87734375 0.103125 0.08203125
2 0.478125 0.91796875 0.2640625 0.125