2 0.5046875 0.1296875 0.8890625 0.259375
2 0.1890625 0.390625 0.25234375 0.4109375
2 0.60234375 0.51171875 0.75703125 0.71640625
2 0.25 0.7140625 0.34140625 0.240625
1 0.15859375 0.83671875 0.14921875 0.03359375
1 0.803125 0.83671875 0.15859375 0.053125
1 0.178125 0.18046875 0.0671875 0.03828125
1 0.428125 0.17890625 0.10546875 0.021875
1 0.7296875 0.18046875 0.1078125 0.04296875
1 0.84609375 0.18125 0.10078125 0.03125
0 0.5625 0.15 0.125 0.0984375
0 0.17578125 0.3078125 0.10078125 0.071875
0 0.2640625 0.3125 0.1109375 0.071875
0 0.1828125 0.44140625 0.115625 0.09375
0 0.65390625 0.6390625 0.10546875 0.071875
0 0.821875 0.63828125 0.09609375 0.06015625
0 0.56484375 0.54453125 0.115625 0.084375
0 0.37265625 0.63203125 0.1109375 0.071875
0 0.55390625 0.74609375 0.11796875 0.0890625
0 0.55390625 0.8703125 0.103125 0.08203125
2 0.50859375 0.90859375 0.26171875 0.115625