2 0.5265625 0.134375 0.7015625 0.178125
2 0.26953125 0.3765625 0.1875 0.2671875
2 0.61875 0.4421875 0.50703125 0.39453125
2 0.2671875 0.56875 0.1875 0.103125
2 0.2953125 0.8125 0.23046875 0.10078125
2 0.52890625 0.74296875 0.6921875 0.2359375
2 0.64765625 0.75 0.46875 0.22109375
1 0.6671875 0.865625 0.1703125 0.02421875
1 0.27421875 0.23046875 0.115625 0.02421875
1 0.4125 0.2359375 0.0890625 0.02421875
1 0.7390625 0.2328125 0.12734375 0.02890625
2 0.30078125 0.9265625 0.2640625 0.09375
0 0.33984375 0.90234375 0.12265625 0.084375
0 0.33984375 0.72734375 0.12734375 0.0796875
0 0.30546875 0.63671875 0.1203125 0.0765625
0 0.47734375 0.6875 0.146875 0.09140625
0 0.2921875 0.37109375 0.12265625 0.07421875
0 0.40390625 0.27890625 0.1109375 0.0625
0 0.58671875 0.203125 0.125 0.0890625