2 0.2546875 0.1578125 0.40859375 0.30078125
2 0.26171875 0.45078125 0.35546875 0.290625
2 0.265625 0.7671875 0.353125 0.35546875
2 0.7078125 0.24140625 0.3921875 0.146875
2 0.7171875 0.6234375 0.4734375 0.6703125
1 0.17578125 0.303125 0.14921875 0.02890625
1 0.29921875 0.3078125 0.07421875 0.02890625
1 0.52734375 0.4015625 0.040625 0.1296875
1 0.6703125 0.30625 0.21640625 0.06015625
1 0.525 0.5625 0.021875 0.03828125
1 0.0734375 0.56640625 0.03125 0.0359375
1 0.0734375 0.87109375 0.040625 0.11796875
1 0.134375 0.95078125 0.053125 0.021875
1 0.35703125 0.9515625 0.07421875 0.02890625
1 0.58203125 0.9515625 0.053125 0.01953125
1 0.52734375 0.86796875 0.0265625 0.1109375
1 0.76171875 0.94921875 0.178125 0.0140625
0 0.3765625 0.28359375 0.0890625 0.071875
0 0.2125 0.50859375 0.0890625 0.06953125
0 0.19453125 0.59609375 0.0765625 0.0484375
0 0.296875 0.5625 0.09375 0.0625
0 0.22109375 0.6984375 0.0765625 0.06015625
0 0.35 0.6890625 0.07421875 0.06484375
0 0.2078125 0.834375 0.084375 0.0671875
0 0.20703125 0.96953125 0.0890625 0.0609375
0 0.66015625 0.771875 0.09375 0.134375
0 0.83671875 0.28359375 0.09609375 0.08671875