2 0.25 0.15390625 0.40390625 0.2984375
2 0.25625 0.44375 0.38203125 0.3296875
2 0.259375 0.7546875 0.3609375 0.365625
2 0.696875 0.23671875 0.3796875 0.17578125
2 0.70703125 0.615625 0.46640625 0.66328125
1 0.1703125 0.2984375 0.14921875 0.03828125
1 0.29296875 0.3015625 0.0765625 0.03125
1 0.51953125 0.39453125 0.053125 0.1296875
1 0.6609375 0.3015625 0.22109375 0.0359375
1 0.5171875 0.55390625 0.01953125 0.0359375
1 0.06953125 0.5578125 0.02890625 0.03359375
1 0.06953125 0.8609375 0.03359375 0.115625
1 0.12890625 0.9390625 0.05078125 0.021875
1 0.35 0.9390625 0.07421875 0.021875
1 0.5734375 0.93984375 0.05078125 0.02421875
1 0.51796875 0.85546875 0.040625 0.1109375
1 0.7484375 0.9375 0.17578125 0.03359375
0 0.3703125 0.2765625 0.08671875 0.0625
0 0.20703125 0.50234375 0.08671875 0.0671875
0 0.18984375 0.5875 0.0765625 0.05546875
0 0.290625 0.55390625 0.09140625 0.05546875
0 0.21640625 0.6890625 0.0765625 0.06484375
0 0.34375 0.67890625 0.071875 0.06484375
0 0.2015625 0.8234375 0.08203125 0.06015625
0 0.20078125 0.9625 0.09375 0.07421875
0 0.65 0.7609375 0.103125 0.13671875
0 0.82421875 0.27890625 0.08203125 0.071875