2 0.23828125 0.15625 0.40859375 0.303125
2 0.2453125 0.4546875 0.3609375 0.2984375
2 0.2484375 0.77421875 0.37265625 0.375
2 0.6984375 0.24140625 0.396875 0.15625
2 0.7078125 0.6296875 0.4203125 0.66328125
1 0.1578125 0.30390625 0.1515625 0.0359375
1 0.28359375 0.3078125 0.0765625 0.02421875
1 0.5140625 0.40390625 0.0484375 0.134375
1 0.6609375 0.3078125 0.22109375 0.0625
1 0.51328125 0.5671875 0.021875 0.03828125
1 0.05390625 0.57109375 0.0359375 0.0359375
1 0.05390625 0.88125 0.0453125 0.12265625
1 0.1140625 0.96171875 0.05546875 0.02890625
1 0.34140625 0.9625 0.0765625 0.03125
1 0.571875 0.9640625 0.053125 0.02421875
1 0.5140625 0.87734375 0.0484375 0.115625
1 0.7515625 0.96171875 0.18046875 0.03359375
0 0.3609375 0.2828125 0.08671875 0.06015625
0 0.19453125 0.51328125 0.09140625 0.06953125
0 0.1765625 0.60234375 0.0796875 0.06015625
0 0.28125 0.5671875 0.09140625 0.053125
0 0.2046875 0.70546875 0.0765625 0.06484375
0 0.33515625 0.69609375 0.07421875 0.06484375
0 0.18984375 0.84375 0.08671875 0.071875
0 0.1890625 0.9734375 0.0890625 0.053125
0 0.65 0.7796875 0.103125 0.1421875
0 0.828125 0.28515625 0.09375 0.0890625