2 0.23046875 0.1359375 0.4375 0.271875
2 0.7359375 0.19140625 0.4234375 0.15625
2 0.1359375 0.4109375 0.2328125 0.34140625
2 0.13203125 0.71484375 0.1875 0.28125
2 0.1140625 0.90625 0.1609375 0.1203125
2 0.2359375 0.6046875 0.47109375 0.7328125
0 0.275 0.47734375 0.084375 0.06484375
2 0.725 0.6109375 0.4015625 0.71171875
2 0.64765625 0.73203125 0.21875 0.13203125
2 0.69140625 0.86796875 0.30546875 0.1921875
2 0.321875 0.38125 0.2015625 0.2671875
0 0.6078125 0.225 0.09609375 0.084375
0 0.10703125 0.22578125 0.1078125 0.08203125
0 0.18984375 0.5359375 0.10078125 0.0671875
0 0.1390625 0.67421875 0.08671875 0.07421875
0 0.14453125 0.82578125 0.0765625 0.06484375
0 0.27421875 0.69375 0.0765625 0.06484375
0 0.30078125 0.5765625 0.08671875 0.0671875
0 0.28828125 0.83671875 0.0765625 0.0671875
0 0.28828125 0.97734375 0.08203125 0.0453125
0 0.78359375 0.77265625 0.10546875 0.13671875
1 0.1875 0.24765625 0.0671875 0.02421875
1 0.3140625 0.2515625 0.15625 0.040625
1 0.77890625 0.2515625 0.2359375 0.06015625
1 0.9328125 0.3640625 0.04296875 0.1421875
1 0.9328125 0.54296875 0.03359375 0.04296875
1 0.93125 0.8796875 0.0453125 0.1390625
1 0.87265625 0.9703125 0.0625 0.0265625
1 0.68125 0.9734375 0.19453125 0.02890625
1 0.12890625 0.96640625 0.0890625 0.03359375
1 0.37265625 0.9640625 0.053125 0.02890625