2 0.24375 0.13828125 0.415625 0.2765625
2 0.72109375 0.196875 0.39921875 0.15390625
2 0.15390625 0.40390625 0.25 0.33671875
2 0.15 0.6921875 0.2046875 0.28359375
2 0.13203125 0.87265625 0.14453125 0.10078125
2 0.2484375 0.5890625 0.396875 0.6734375
0 0.2859375 0.46640625 0.0765625 0.0625
2 0.71171875 0.59375 0.375 0.6734375
2 0.6390625 0.7078125 0.20703125 0.11796875
2 0.67890625 0.83671875 0.2859375 0.1828125
2 0.33046875 0.375 0.18046875 0.25
0 0.60078125 0.22734375 0.08671875 0.06953125
0 0.1265625 0.228125 0.0984375 0.0671875
0 0.2046875 0.521875 0.10078125 0.0765625
0 0.15625 0.65390625 0.0765625 0.0671875
0 0.1609375 0.796875 0.0765625 0.06484375
0 0.28359375 0.671875 0.08671875 0.06953125
0 0.30859375 0.5609375 0.0796875 0.06015625
0 0.2984375 0.80625 0.0765625 0.06484375
0 0.30078125 0.95703125 0.0765625 0.0671875
0 0.76796875 0.74765625 0.1078125 0.134375
1 0.2015625 0.2484375 0.0671875 0.0171875
1 0.321875 0.25234375 0.14921875 0.02421875
1 0.7640625 0.25234375 0.22578125 0.03828125
1 0.90859375 0.359375 0.03828125 0.13203125
1 0.90859375 0.52890625 0.03359375 0.03828125
1 0.9078125 0.8484375 0.0453125 0.1296875
1 0.85078125 0.93359375 0.0578125 0.0265625
1 0.6703125 0.9359375 0.1828125 0.040625
1 0.146875 0.93046875 0.08671875 0.03359375
1 0.37890625 0.928125 0.05078125 0.02421875