2 0.2453125 0.11796875 0.41796875 0.2359375
2 0.7453125 0.17421875 0.41796875 0.18046875
2 0.14921875 0.3921875 0.2359375 0.34140625
2 0.1453125 0.69609375 0.209375 0.2953125
2 0.12734375 0.884375 0.15859375 0.1109375
2 0.2484375 0.58671875 0.459375 0.72578125
0 0.28828125 0.4578125 0.0765625 0.06015625
2 0.734375 0.59140625 0.50703125 0.740625
2 0.65859375 0.71171875 0.21171875 0.10546875
2 0.70078125 0.84609375 0.31953125 0.23046875
2 0.334375 0.36328125 0.2015625 0.26953125
0 0.61796875 0.20703125 0.09609375 0.0765625
0 0.1203125 0.209375 0.10546875 0.0765625
0 0.203125 0.5171875 0.1078125 0.08671875
0 0.15234375 0.6546875 0.084375 0.06953125
0 0.1578125 0.80546875 0.0796875 0.0671875
0 0.2859375 0.6734375 0.08671875 0.071875
0 0.3125 0.5578125 0.08671875 0.0671875
0 0.3015625 0.81484375 0.06953125 0.0578125
0 0.30078125 0.9671875 0.08203125 0.06484375
0 0.79296875 0.75234375 0.10546875 0.1390625
1 0.20078125 0.23046875 0.06953125 0.02890625
1 0.32578125 0.2328125 0.15625 0.03359375
1 0.78828125 0.234375 0.2359375 0.0265625
1 0.94140625 0.34609375 0.05546875 0.1390625
1 0.94140625 0.52421875 0.03125 0.03828125
1 0.93984375 0.8578125 0.02890625 0.1390625
1 0.88125 0.9484375 0.06015625 0.0359375
1 0.6921875 0.95078125 0.1921875 0.03125
1 0.1421875 0.94453125 0.09140625 0.02890625
1 0.384375 0.9421875 0.0578125 0.03359375