2 0.5359375 0.16015625 0.23046875 0.1609375
2 0.4859375 0.33515625 0.1109375 0.15625
2 0.5953125 0.36796875 0.1078125 0.22109375
2 0.48046875 0.50703125 0.10078125 0.1734375
2 0.5875 0.50859375 0.11328125 0.05546875
2 0.58515625 0.58984375 0.11328125 0.0984375
2 0.5890625 0.6671875 0.1109375 0.0453125
2 0.60546875 0.7234375 0.08203125 0.0625
2 0.4984375 0.68046875 0.12265625 0.15390625
2 0.81875 0.6890625 0.1609375 0.1421875
2 0.85 0.5953125 0.11796875 0.05546875
2 0.71875 0.6421875 0.0484375 0.22578125
2 0.80390625 0.4359375 0.2140625 0.353125
1 0.515625 0.2515625 0.1421875 0.021875
1 0.7765625 0.25234375 0.14453125 0.02421875
1 0.6859375 0.33203125 0.021875 0.10546875
1 0.6875 0.47578125 0.01953125 0.02890625
1 0.69140625 0.696875 0.021875 0.10078125
1 0.72265625 0.7640625 0.0359375 0.01953125
1 0.81875 0.76328125 0.03125 0.0171875
1 0.59609375 0.765625 0.0484375 0.0171875
1 0.46484375 0.765625 0.03125 0.0171875
1 0.43046875 0.69609375 0.01953125 0.09375
1 0.428125 0.3296875 0.01953125 0.09609375
0 0.609375 0.2359375 0.05546875 0.03828125
0 0.87109375 0.23203125 0.05546875 0.05546875
0 0.50625 0.39453125 0.05546875 0.0484375
0 0.553125 0.4390625 0.053125 0.040625
0 0.5015625 0.4640625 0.0453125 0.03359375
0 0.40625 0.46484375 0.053125 0.0359375
0 0.5015625 0.55078125 0.0453125 0.03359375
0 0.50859375 0.5875 0.05078125 0.0359375
0 0.509375 0.7875 0.0484375 0.05546875
0 0.7671875 0.61875 0.0484375 0.084375
0 0.859375 0.74609375 0.040625 0.0453125
0 0.59375 0.56015625 0.04296875 0.053125
0 0.58984375 0.66328125 0.0453125 0.03828125