2 0.57265625 0.2171875 0.6859375 0.434375
2 0.19140625 0.2078125 0.1609375 0.38671875
2 0.1609375 0.64765625 0.20703125 0.396875
2 0.396875 0.5734375 0.3078125 0.21875
2 0.578125 0.5734375 0.103125 0.19453125
2 0.75859375 0.5765625 0.290625 0.2015625
2 0.77890625 0.7546875 0.25 0.1734375
2 0.52890625 0.790625 0.14921875 0.08203125
2 0.43125 0.740625 0.37265625 0.240625
2 0.828125 0.91796875 0.1421875 0.134375
0 0.85546875 0.8734375 0.0765625 0.0984375
0 0.52265625 0.865625 0.06484375 0.08671875
0 0.43125 0.71171875 0.06953125 0.08203125
0 0.48828125 0.62890625 0.0625 0.084375
0 0.52265625 0.71484375 0.06484375 0.0796875
0 0.6296875 0.7203125 0.0484375 0.06484375
0 0.68125 0.709375 0.05546875 0.08203125
0 0.7765625 0.5765625 0.053125 0.0625
0 0.6421875 0.5734375 0.0578125 0.06953125
0 0.21640625 0.5296875 0.0671875 0.084375
0 0.22734375 0.0984375 0.06015625 0.071875
0 0.7234375 0.27734375 0.125 0.09375
1 0.3484375 0.8390625 0.1296875 0.02421875
1 0.79296875 0.834375 0.0671875 0.03359375
1 0.9078125 0.7453125 0.0265625 0.125
1 0.9046875 0.56875 0.040625 0.0796875
1 0.90390625 0.35078125 0.01953125 0.0484375
1 0.90390625 0.18046875 0.0484375 0.16328125
1 0.81953125 0.4046875 0.125 0.05078125
1 0.53125 0.4015625 0.03828125 0.02890625
1 0.35 0.40625 0.13203125 0.0484375
1 0.453125 0.03359375 0.0453125 0.04296875