2 0.5984375 0.225 0.696875 0.44453125
2 0.20703125 0.21640625 0.134375 0.39453125
2 0.1765625 0.665625 0.19453125 0.39921875
2 0.415625 0.58984375 0.3171875 0.23828125
2 0.603125 0.58984375 0.08203125 0.19453125
2 0.7875 0.59375 0.2953125 0.20703125
2 0.8078125 0.775 0.2546875 0.1703125
2 0.5515625 0.8109375 0.15625 0.09375
2 0.453125 0.7609375 0.37734375 0.2234375
2 0.85703125 0.93515625 0.1515625 0.1296875
0 0.8859375 0.89765625 0.0796875 0.0984375
0 0.5453125 0.88828125 0.053125 0.0796875
0 0.453125 0.73046875 0.06953125 0.08671875
0 0.5109375 0.646875 0.06015625 0.08671875
0 0.5453125 0.7359375 0.0625 0.0765625
0 0.6546875 0.740625 0.06015625 0.071875
0 0.709375 0.728125 0.0671875 0.08671875
0 0.80546875 0.5921875 0.053125 0.06484375
0 0.66796875 0.58984375 0.0671875 0.07421875
0 0.234375 0.5453125 0.06484375 0.08671875
0 0.24375 0.10546875 0.06953125 0.08203125
0 0.7515625 0.2875 0.12265625 0.0890625
1 0.36796875 0.86171875 0.1296875 0.0453125
1 0.821875 0.85703125 0.0671875 0.03125
1 0.93984375 0.765625 0.0484375 0.12734375
1 0.9375 0.58515625 0.03359375 0.0796875
1 0.93515625 0.36328125 0.02421875 0.0484375
1 0.93515625 0.1890625 0.053125 0.165625
1 0.85 0.41796875 0.12734375 0.03828125
1 0.55546875 0.41484375 0.04296875 0.0359375
1 0.3703125 0.41953125 0.134375 0.05546875
1 0.475 0.03828125 0.0453125 0.04296875