2 0.2671875 0.10703125 0.4328125 0.2140625
2 0.74296875 0.13203125 0.41796875 0.134375
2 0.7484375 0.4484375 0.415625 0.53125
2 0.8421875 0.6609375 0.209375 0.10078125
2 0.60703125 0.7328125 0.0984375 0.3171875
2 0.7953125 0.78984375 0.2984375 0.209375
2 0.1703125 0.32421875 0.178125 0.240625
2 0.3609375 0.3578125 0.1921875 0.303125
2 0.22265625 0.625 0.1609375 0.35546875
2 0.365625 0.61796875 0.21640625 0.240625
2 0.37109375 0.80390625 0.19921875 0.165625
2 0.12265625 0.6296875 0.1296875 0.375
2 0.1875 0.8375 0.23046875 0.12734375
2 0.2046875 0.93515625 0.2359375 0.08671875
1 0.06640625 0.7765625 0.040625 0.0765625
1 0.06875 0.83984375 0.040625 0.06015625
1 0.06875 0.478125 0.0265625 0.03828125
1 0.18359375 0.1984375 0.15625 0.05078125
1 0.3015625 0.19453125 0.0796875 0.02421875
1 0.709375 0.19453125 0.25 0.053125
1 0.55546875 0.30390625 0.03828125 0.1421875
1 0.54921875 0.47734375 0.03125 0.0359375
1 0.55078125 0.803125 0.0484375 0.134375
1 0.6109375 0.89453125 0.0578125 0.02890625
1 0.803125 0.8953125 0.1921875 0.06484375
1 0.36328125 0.8921875 0.08671875 0.02890625
1 0.12890625 0.89296875 0.05546875 0.021875
0 0.8734375 0.16953125 0.09375 0.0890625
0 0.3859375 0.16953125 0.0890625 0.0796875
0 0.225 0.4171875 0.084375 0.07421875
0 0.2015625 0.5171875 0.0765625 0.0484375
0 0.3125 0.4796875 0.10078125 0.07421875
0 0.2328125 0.6265625 0.08203125 0.06953125
0 0.3578125 0.609375 0.08203125 0.06015625
0 0.2140625 0.76796875 0.08203125 0.05546875
0 0.3546875 0.75234375 0.0796875 0.071875
0 0.20703125 0.921875 0.08203125 0.06015625
0 0.69140625 0.6984375 0.084375 0.12265625