2 0.2671875 0.0984375 0.4328125 0.196875
2 0.7484375 0.1265625 0.42578125 0.165625
2 0.75703125 0.446875 0.46640625 0.5625
2 0.85234375 0.66328125 0.21875 0.1203125
2 0.61328125 0.73828125 0.14921875 0.321875
2 0.80390625 0.7953125 0.31953125 0.2453125
2 0.1703125 0.3234375 0.1921875 0.25234375
2 0.36171875 0.35703125 0.209375 0.31484375
2 0.22265625 0.6265625 0.146875 0.36328125
2 0.36796875 0.6203125 0.22578125 0.2453125
2 0.37265625 0.81015625 0.196875 0.15859375
2 0.1203125 0.63203125 0.134375 0.3796875
2 0.1859375 0.84375 0.23828125 0.115625
2 0.2046875 0.94140625 0.240625 0.09375
1 0.0625 0.78125 0.03359375 0.0765625
1 0.06484375 0.84609375 0.03828125 0.0578125
1 0.06640625 0.478125 0.03125 0.04296875
1 0.1828125 0.19375 0.16328125 0.0265625
1 0.303125 0.18984375 0.08203125 0.02890625
1 0.71484375 0.1890625 0.25703125 0.0453125
1 0.56015625 0.3015625 0.053125 0.146875
1 0.55390625 0.478125 0.0265625 0.03359375
1 0.55390625 0.8078125 0.0359375 0.1390625
1 0.61640625 0.9015625 0.06015625 0.02421875
1 0.8109375 0.9015625 0.19453125 0.0625
1 0.365625 0.89921875 0.08671875 0.02421875
1 0.12734375 0.89921875 0.053125 0.02421875
0 0.88359375 0.16484375 0.09375 0.09375
0 0.3890625 0.16484375 0.08203125 0.06953125
0 0.225 0.41796875 0.07421875 0.0671875
0 0.20078125 0.5171875 0.0796875 0.053125
0 0.3125 0.4796875 0.09609375 0.06484375
0 0.23203125 0.62890625 0.084375 0.06484375
0 0.359375 0.61171875 0.0796875 0.06015625
0 0.2140625 0.77265625 0.08203125 0.06015625
0 0.35546875 0.75625 0.0765625 0.06953125
0 0.20546875 0.93046875 0.084375 0.0625
0 0.6984375 0.7015625 0.0984375 0.1296875