2 0.39296875 0.12734375 0.71875 0.134375
2 0.884375 0.3421875 0.1296875 0.30546875
2 0.71171875 0.4546875 0.08203125 0.08671875
2 0.71875 0.30078125 0.0625 0.1875
2 0.6421875 0.2984375 0.08203125 0.178125
2 0.52890625 0.3390625 0.1296875 0.259375
2 0.31875 0.53125 0.56015625 0.6390625
2 0.36796875 0.87109375 0.125 0.0984375
2 0.5171875 0.71875 0.16328125 0.2546875
2 0.55625 0.5296875 0.084375 0.103125
2 0.34765625 0.3390625 0.2328125 0.26953125
2 0.103125 0.5625 0.125 0.240625
2 0.071875 0.77890625 0.0625 0.1390625
2 0.13671875 0.775 0.0625 0.1421875
2 0.2390625 0.7296875 0.12734375 0.228125
2 0.134375 0.31875 0.1828125 0.21875
0 0.1828125 0.82421875 0.03828125 0.0484375
0 0.1921875 0.63828125 0.04296875 0.0796875
0 0.05390625 0.67421875 0.03125 0.06484375
0 0.15234375 0.52890625 0.0453125 0.0765625
0 0.19453125 0.46875 0.03828125 0.0765625
0 0.396875 0.66796875 0.0484375 0.08203125
0 0.4 0.8484375 0.0453125 0.08203125
0 0.33046875 0.6859375 0.0359375 0.06015625
0 0.3609375 0.6890625 0.02890625 0.06484375
0 0.453125 0.6234375 0.0359375 0.07421875
0 0.5046875 0.5609375 0.04296875 0.05078125
0 0.521875 0.17421875 0.0484375 0.06484375
0 0.58671875 0.24140625 0.03828125 0.06015625
0 0.66953125 0.25 0.040625 0.053125
0 0.76953125 0.46171875 0.04296875 0.0625
0 0.81015625 0.46875 0.0484375 0.0671875
2 0.67890625 0.6765625 0.13671875 0.34375
1 0.0359375 0.55078125 0.009375 0.10546875
1 0.12890625 0.19921875 0.06953125 0.0140625
1 0.30859375 0.20078125 0.06484375 0.01171875
1 0.38203125 0.2015625 0.071875 0.0140625
1 0.5640625 0.203125 0.0359375 0.021875
1 0.7546875 0.58046875 0.009375 0.0359375
1 0.7546875 0.6984375 0.009375 0.0359375
1 0.68515625 0.85078125 0.10546875 0.0140625
1 0.51328125 0.853125 0.0796875 0.01953125
1 0.234375 0.8578125 0.06484375 0.01953125