2 0.32109375 0.31875 0.32421875 0.50703125
2 0.6546875 0.1890625 0.32421875 0.2328125
2 0.75859375 0.39765625 0.11796875 0.1609375
2 0.63671875 0.396875 0.115625 0.1734375
2 0.7015625 0.59609375 0.240625 0.21171875
2 0.27421875 0.75703125 0.22578125 0.35546875
2 0.4375 0.7234375 0.09140625 0.29296875
2 0.52890625 0.63828125 0.09140625 0.1421875
0 0.50703125 0.275 0.0625 0.0796875
0 0.55078125 0.271875 0.053125 0.08203125
0 0.5609375 0.39921875 0.05078125 0.0578125
0 0.53515625 0.5421875 0.05546875 0.07421875
0 0.603125 0.5328125 0.0671875 0.06953125
0 0.52734375 0.73671875 0.06484375 0.084375
0 0.41484375 0.7703125 0.0453125 0.06015625
1 0.15390625 0.1390625 0.0140625 0.09140625
1 0.15234375 0.32578125 0.0171875 0.0796875
1 0.15234375 0.4953125 0.01171875 0.08671875
1 0.15 0.69375 0.01171875 0.07421875
1 0.1515625 0.890625 0.009375 0.084375
1 0.82421875 0.12109375 0.01953125 0.09375
1 0.82421875 0.26171875 0.0140625 0.09140625
1 0.82578125 0.43984375 0.0171875 0.09140625
1 0.82578125 0.60703125 0.0171875 0.09375