2 0.12734375 0.2453125 0.2546875 0.3890625
2 0.415625 0.2515625 0.3265625 0.38203125
2 0.709375 0.25 0.28828125 0.40390625
2 0.09140625 0.51171875 0.1734375 0.134375
2 0.103125 0.6421875 0.1296875 0.1203125
2 0.08984375 0.80390625 0.1703125 0.19453125
2 0.26953125 0.67578125 0.259375 0.446875
2 0.603125 0.67890625 0.5140625 0.51171875
2 0.89921875 0.6734375 0.2015625 0.446875
1 0.13203125 0.0515625 0.14453125 0.0359375
1 0.3390625 0.05546875 0.071875 0.02890625
1 0.50625 0.05625 0.13671875 0.021875
1 0.8375 0.25703125 0.05078125 0.22109375
1 0.8390625 0.7390625 0.0578125 0.24296875
0 0.209375 0.40625 0.071875 0.1109375
0 0.3328125 0.41015625 0.07421875 0.11328125
0 0.615625 0.3859375 0.10078125 0.11796875
0 0.39453125 0.50859375 0.08671875 0.1078125
0 0.865625 0.56015625 0.10078125 0.115625
0 0.19453125 0.53359375 0.0671875 0.071875
0 0.19375 0.63359375 0.06953125 0.0984375
0 0.19609375 0.8453125 0.0890625 0.1078125
0 0.26171875 0.9421875 0.0765625 0.115625