2 0.25546875 0.21484375 0.4828125 0.4296875
2 0.6453125 0.14765625 0.37734375 0.2953125
2 0.89453125 0.1265625 0.1296875 0.25234375
2 0.76328125 0.4328125 0.3484375 0.303125
2 0.5515625 0.34765625 0.11328125 0.13203125
2 0.25703125 0.6203125 0.490625 0.47578125
2 0.53359375 0.49375 0.15390625 0.1703125
2 0.296875 0.72265625 0.13671875 0.19921875
0 0.53359375 0.44375 0.0625 0.07421875
0 0.56640625 0.46484375 0.0890625 0.11328125
0 0.834375 0.21015625 0.16328125 0.103125
0 0.4953125 0.23828125 0.08203125 0.08203125
0 0.38359375 0.7171875 0.07421875 0.084375
0 0.42890625 0.821875 0.0984375 0.20703125
1 0.0328125 0.20078125 0.05546875 0.3296875
1 0.0328125 0.51796875 0.0359375 0.11328125
1 0.12734375 0.8296875 0.0625 0.04296875
1 0.93125 0.44609375 0.03125 0.18984375
1 0.83203125 0.08046875 0.0484375 0.15625