2 0.27265625 0.2171875 0.43046875 0.4109375
2 0.65234375 0.1609375 0.3578125 0.29296875
2 0.8953125 0.146875 0.12734375 0.25
2 0.765625 0.44609375 0.353125 0.31484375
2 0.55859375 0.36328125 0.0984375 0.125
2 0.27265625 0.62890625 0.459375 0.43515625
2 0.5421875 0.5046875 0.1609375 0.178125
2 0.3109375 0.728125 0.12265625 0.1875
0 0.5421875 0.45546875 0.06015625 0.07421875
0 0.5734375 0.47734375 0.07421875 0.0984375
0 0.83515625 0.2296875 0.165625 0.1078125
0 0.5046875 0.25703125 0.08671875 0.08671875
0 0.3953125 0.72265625 0.06484375 0.07421875
0 0.43984375 0.82421875 0.10546875 0.20703125
1 0.053125 0.22109375 0.09140625 0.3078125
1 0.053125 0.52890625 0.03828125 0.1109375
1 0.1453125 0.83203125 0.06484375 0.04296875
1 0.93046875 0.4578125 0.03828125 0.18515625
1 0.8328125 0.10234375 0.0359375 0.15625