2 0.28046875 0.21484375 0.4859375 0.4296875
2 0.67421875 0.14453125 0.37265625 0.28828125
2 0.9234375 0.1265625 0.14921875 0.25234375
2 0.790625 0.43125 0.3609375 0.31484375
2 0.578125 0.34609375 0.09375 0.1203125
2 0.28359375 0.6203125 0.4859375 0.46640625
2 0.56015625 0.49296875 0.16796875 0.1828125
2 0.321875 0.72265625 0.1390625 0.19921875
0 0.56015625 0.4421875 0.0578125 0.071875
0 0.5921875 0.4640625 0.0890625 0.1109375
0 0.86328125 0.209375 0.1734375 0.1203125
0 0.521875 0.23671875 0.08671875 0.0890625
0 0.40859375 0.71640625 0.071875 0.08203125
0 0.45546875 0.821875 0.0890625 0.2015625
1 0.05625 0.1984375 0.09375 0.31953125
1 0.05546875 0.5171875 0.03828125 0.115625
1 0.1515625 0.8296875 0.0671875 0.0484375
1 0.96015625 0.44453125 0.0265625 0.1875
1 0.859375 0.0796875 0.040625 0.15390625