2 0.634375 0.228125 0.52890625 0.3171875
2 0.73828125 0.5046875 0.3125 0.22109375
2 0.33046875 0.5015625 0.50703125 0.19453125
2 0.20703125 0.64921875 0.2453125 0.10546875
2 0.19921875 0.75234375 0.23046875 0.08671875
2 0.2125 0.84609375 0.24296875 0.0765625
2 0.4546875 0.74765625 0.240625 0.29296875
2 0.73671875 0.75 0.31484375 0.26953125
2 0.74296875 0.50234375 0.303125 0.21640625
0 0.28359375 0.321875 0.14453125 0.1109375
0 0.4546875 0.94140625 0.14453125 0.11328125
0 0.36875 0.671875 0.0796875 0.06015625
0 0.63828125 0.67421875 0.12734375 0.09375
0 0.6265625 0.57109375 0.1078125 0.0796875
0 0.25234375 0.68046875 0.08671875 0.0578125
0 0.37109375 0.853125 0.0890625 0.0671875
1 0.24609375 0.396875 0.15625 0.02890625
1 0.3546875 0.1890625 0.0359375 0.17578125
1 0.9078125 0.23046875 0.0359375 0.22109375
1 0.9109375 0.5109375 0.03828125 0.165625
1 0.9125 0.74296875 0.0359375 0.1734375