2 0.16328125 0.2484375 0.2359375 0.3296875
2 0.38671875 0.2453125 0.28359375 0.34140625
2 0.8078125 0.25 0.28828125 0.33671875
2 0.58984375 0.20703125 0.18984375 0.25
2 0.37265625 0.5671875 0.6203125 0.3609375
2 0.5890625 0.37265625 0.15390625 0.1203125
2 0.7390625 0.571875 0.17578125 0.3078125
2 0.41015625 0.8421875 0.353125 0.2328125
2 0.14296875 0.8640625 0.19921875 0.25703125
1 0.05625 0.60703125 0.05078125 0.23828125
1 0.19140625 0.08046875 0.12265625 0.0453125
1 0.4390625 0.07578125 0.11328125 0.040625
1 0.56640625 0.08046875 0.05078125 0.0359375
1 0.94375 0.3109375 0.0453125 0.1421875
1 0.23046875 0.81875 0.03359375 0.1078125
1 0.05625 0.6 0.0359375 0.228125
0 0.1734375 0.7390625 0.071875 0.13671875
0 0.546875 0.75703125 0.0796875 0.09609375
0 0.63359375 0.696875 0.0796875 0.08671875
0 0.6421875 0.6265625 0.0625 0.05546875
0 0.7015625 0.571875 0.04296875 0.053125
0 0.69921875 0.36640625 0.08671875 0.084375
0 0.56953125 0.35 0.053125 0.06015625
0 0.47578125 0.36796875 0.0765625 0.071875
0 0.4859375 0.18515625 0.071875 0.0671875