1 0.09140625 0.04453125 0.08671875 0.040625
1 0.36875 0.04453125 0.1515625 0.05546875
1 0.5984375 0.2515625 0.1390625 0.0453125
2 0.3234375 0.41015625 0.3390625 0.68515625
2 0.6 0.515625 0.25234375 0.4828125
2 0.5921875 0.13359375 0.25234375 0.228125
2 0.09375 0.7203125 0.1875 0.334375
2 0.09765625 0.39296875 0.19453125 0.31484375
2 0.0953125 0.15390625 0.1609375 0.178125
0 0.09140625 0.93515625 0.10078125 0.1296875
0 0.12734375 0.59609375 0.0765625 0.115625
0 0.1265625 0.2921875 0.0890625 0.12265625
0 0.53984375 0.1703125 0.12734375 0.125
0 0.509375 0.33671875 0.08671875 0.09140625