1 0.0984375 0.015625 0.09140625 0.03125
1 0.37734375 0.0203125 0.15390625 0.040625
1 0.6078125 0.2203125 0.1390625 0.05078125
2 0.3328125 0.3796875 0.38671875 0.7015625
2 0.6109375 0.48671875 0.27421875 0.49296875
2 0.60234375 0.1046875 0.24296875 0.209375
2 0.10234375 0.6921875 0.2046875 0.33671875
2 0.1046875 0.36328125 0.19921875 0.3171875
2 0.103125 0.12265625 0.15390625 0.16796875
0 0.1 0.9171875 0.11796875 0.15625
0 0.1359375 0.5671875 0.06953125 0.115625
0 0.134375 0.2609375 0.09609375 0.12734375
0 0.55078125 0.1390625 0.1203125 0.115625
0 0.51953125 0.30546875 0.08671875 0.09140625