2 0.1984375 0.290625 0.353125 0.3171875
2 0.81640625 0.28828125 0.28125 0.2984375
2 0.86640625 0.65234375 0.18984375 0.40625
2 0.525 0.28828125 0.28125 0.3078125
2 0.3953125 0.65 0.73828125 0.4109375
2 0.60078125 0.765625 0.3171875 0.17578125
1 0.196875 0.13125 0.10546875 0.0171875
1 0.5625 0.12890625 0.10546875 0.01171875
1 0.78125 0.12890625 0.1109375 0.01171875
1 0.1828125 0.85703125 0.10546875 0.0171875
1 0.30390625 0.8578125 0.0984375 0.009375
0 0.271875 0.38828125 0.08671875 0.06484375
0 0.71015625 0.40859375 0.06953125 0.071875
0 0.73046875 0.58671875 0.08203125 0.053125
0 0.915625 0.66328125 0.10078125 0.08203125
0 0.81015625 0.68359375 0.0625 0.06015625
0 0.6453125 0.7359375 0.084375 0.0484375
0 0.56484375 0.64453125 0.09140625 0.0671875