2 0.77890625 0.4171875 0.4421875 0.790625
2 0.91015625 0.60078125 0.13671875 0.40859375
2 0.27421875 0.18046875 0.52890625 0.3125
2 0.4515625 0.3234375 0.16328125 0.11328125
2 0.20078125 0.55625 0.4015625 0.50703125
2 0.4421875 0.71015625 0.1828125 0.18984375
2 0.32109375 0.4734375 0.11796875 0.28359375
0 0.41015625 0.2328125 0.0796875 0.10546875
0 0.30546875 0.66796875 0.0765625 0.115625
0 0.4984375 0.75859375 0.05546875 0.07421875
0 0.49765625 0.91015625 0.071875 0.0984375
0 0.90859375 0.34765625 0.0765625 0.103125
1 0.234375 0.8078125 0.11328125 0.0578125
1 0.40625 0.80546875 0.0625 0.03359375
1 0.74296875 0.0296875 0.0484375 0.0171875
1 0.79296875 0.0328125 0.0484375 0.0359375
1 0.8421875 0.03359375 0.0453125 0.01953125
1 0.23828125 0.0328125 0.1109375 0.0359375