2 0.7859375 0.42578125 0.375 0.759375
2 0.91328125 0.6046875 0.10546875 0.4015625
2 0.2875 0.1890625 0.53125 0.3484375
2 0.46171875 0.33203125 0.16328125 0.10546875
2 0.2078125 0.5625 0.3921875 0.490625
2 0.453125 0.71171875 0.17578125 0.178125
2 0.3328125 0.4796875 0.12265625 0.28125
0 0.4234375 0.24296875 0.071875 0.10078125
0 0.31875 0.6703125 0.06953125 0.1109375
0 0.50859375 0.759375 0.06484375 0.08203125
0 0.50625 0.90859375 0.06953125 0.09609375
0 0.9125 0.35546875 0.0796875 0.10078125
1 0.24765625 0.80625 0.1109375 0.05078125
1 0.4171875 0.80546875 0.06484375 0.02421875
1 0.7484375 0.0421875 0.0453125 0.0171875
1 0.7984375 0.0453125 0.0484375 0.03359375
1 0.84765625 0.0453125 0.0453125 0.02890625
1 0.2515625 0.0453125 0.1078125 0.03359375