2 0.79296875 0.4328125 0.41328125 0.79296875
2 0.921875 0.61875 0.15625 0.4109375
2 0.28125 0.18984375 0.52421875 0.28828125
2 0.46171875 0.3390625 0.16328125 0.1109375
2 0.20078125 0.57421875 0.4015625 0.509375
2 0.4515625 0.73046875 0.1828125 0.1921875
2 0.3296875 0.490625 0.1109375 0.28828125
0 0.41953125 0.24609375 0.06484375 0.0984375
0 0.3140625 0.68984375 0.06015625 0.1109375
0 0.509375 0.77890625 0.0578125 0.0765625
0 0.50703125 0.93359375 0.0671875 0.0984375
0 0.92578125 0.36171875 0.08203125 0.103125
1 0.240625 0.828125 0.115625 0.040625
1 0.415625 0.8265625 0.0671875 0.02890625
1 0.75703125 0.03828125 0.0484375 0.0140625
1 0.8078125 0.040625 0.0484375 0.03828125
1 0.859375 0.040625 0.05078125 0.02421875
1 0.2453125 0.040625 0.115625 0.0484375