2 0.13828125 0.07109375 0.19921875 0.1421875
2 0.7875 0.2453125 0.415625 0.47578125
2 0.41953125 0.384375 0.3296875 0.1921875
2 0.4046875 0.1515625 0.37265625 0.303125
2 0.290625 0.22578125 0.1203125 0.10078125
2 0.1390625 0.203125 0.21171875 0.1703125
2 0.16015625 0.6515625 0.26171875 0.28828125
2 0.41328125 0.89296875 0.321875 0.19921875
2 0.33203125 0.5625 0.115625 0.0765625
2 0.43515625 0.56015625 0.071875 0.08203125
2 0.521875 0.5625 0.09609375 0.08203125
2 0.365625 0.65234375 0.16796875 0.11328125
2 0.515625 0.6546875 0.11328125 0.1078125
2 0.4578125 0.7453125 0.2234375 0.10078125
2 0.3109375 0.74296875 0.05546875 0.0765625
2 0.1546875 0.65390625 0.24296875 0.26953125
0 0.5765625 0.11875 0.134375 0.05546875
0 0.2078125 0.115625 0.06484375 0.03828125
0 0.21484375 0.15859375 0.0796875 0.0484375
0 0.28984375 0.1625 0.0453125 0.03125
0 0.2125 0.2453125 0.05078125 0.03359375
0 0.24765625 0.65234375 0.09140625 0.0984375
0 0.36640625 0.61171875 0.05546875 0.05078125
0 0.4234375 0.615625 0.0578125 0.03359375
0 0.49140625 0.615625 0.0453125 0.03359375
0 0.4265625 0.6578125 0.06484375 0.0359375
0 0.515625 0.7203125 0.06015625 0.05546875
0 0.41484375 0.8140625 0.07421875 0.06484375
0 0.3109375 0.8125 0.06953125 0.0625
0 0.31015625 0.7328125 0.071875 0.0484375
1 0.03984375 0.0890625 0.03125 0.053125
1 0.040625 0.19375 0.02421875 0.06015625
1 0.03984375 0.5921875 0.0265625 0.040625
1 0.03984375 0.703125 0.03125 0.05546875
1 0.5890625 0.0609375 0.03828125 0.06484375
1 0.58515625 0.1921875 0.0359375 0.10546875