2 0.14453125 0.0765625 0.196875 0.14453125
2 0.77890625 0.2453125 0.40390625 0.46171875
2 0.4203125 0.38359375 0.33203125 0.209375
2 0.4046875 0.1515625 0.3390625 0.2546875
2 0.2921875 0.228125 0.12265625 0.10546875
2 0.14453125 0.20546875 0.2015625 0.1515625
2 0.16328125 0.6453125 0.23046875 0.25703125
2 0.41328125 0.88125 0.3265625 0.228125
2 0.3328125 0.5578125 0.11328125 0.08203125
2 0.43359375 0.55546875 0.07421875 0.08203125
2 0.51953125 0.5578125 0.09609375 0.08203125
2 0.365625 0.646875 0.16796875 0.1203125
2 0.51328125 0.64921875 0.1078125 0.10078125
2 0.45703125 0.73828125 0.22109375 0.09609375
2 0.3140625 0.734375 0.05546875 0.0796875
2 0.16015625 0.646875 0.24296875 0.2640625
0 0.5734375 0.12265625 0.13203125 0.0578125
0 0.21171875 0.11796875 0.0625 0.03828125
0 0.21875 0.1625 0.0765625 0.040625
0 0.290625 0.165625 0.04296875 0.02421875
0 0.21640625 0.24609375 0.0484375 0.03125
0 0.25 0.6453125 0.09140625 0.0984375
0 0.36640625 0.60546875 0.05078125 0.0484375
0 0.4234375 0.609375 0.053125 0.0359375
0 0.4890625 0.609375 0.0453125 0.0359375
0 0.4265625 0.65 0.06484375 0.03125
0 0.51171875 0.71171875 0.0578125 0.053125
0 0.41484375 0.803125 0.07421875 0.0625
0 0.31484375 0.8015625 0.0671875 0.06015625
0 0.3109375 0.725 0.07421875 0.05078125
1 0.046875 0.09375 0.03125 0.0484375
1 0.046875 0.19609375 0.0265625 0.06015625
1 0.046875 0.5875 0.021875 0.040625
1 0.0453125 0.69453125 0.02890625 0.053125
1 0.584375 0.06640625 0.04296875 0.06484375
1 0.58046875 0.19453125 0.040625 0.10078125