2 0.925 0.25390625 0.15 0.4140625
2 0.66484375 0.25625 0.4203125 0.4203125
2 0.3796875 0.1671875 0.1875 0.25234375
2 0.16484375 0.2484375 0.32421875 0.43984375
2 0.3640625 0.52734375 0.209375 0.46875
2 0.1859375 0.61328125 0.3296875 0.33203125
2 0.1875 0.8609375 0.134375 0.1921875
1 0.03125 0.265625 0.0625 0.21875
1 0.0296875 0.5984375 0.0265625 0.1734375
1 0.8765625 0.1703125 0.06015625 0.20703125
0 0.24296875 0.4046875 0.0765625 0.084375
0 0.4125 0.3296875 0.06953125 0.1109375
0 0.48203125 0.41015625 0.07421875 0.084375
0 0.90234375 0.39453125 0.084375 0.09140625
0 0.42421875 0.81484375 0.07421875 0.125
0 0.17578125 0.80078125 0.0625 0.08671875