2 0.93046875 0.22578125 0.1390625 0.428125
2 0.6625 0.234375 0.48828125 0.46875
2 0.3703125 0.1359375 0.196875 0.26171875
2 0.15 0.21875 0.28125 0.4328125
2 0.35546875 0.50625 0.27421875 0.48828125
2 0.171875 0.5921875 0.31015625 0.31953125
2 0.1734375 0.84609375 0.1296875 0.196875
1 0.01796875 0.23828125 0.0359375 0.22578125
1 0.0109375 0.5765625 0.021875 0.178125
1 0.8796875 0.13828125 0.03359375 0.21875
0 0.2296875 0.37890625 0.084375 0.0890625
0 0.40390625 0.29921875 0.0671875 0.11328125
0 0.47578125 0.38359375 0.0765625 0.0890625
0 0.90625 0.36796875 0.08671875 0.09609375
0 0.415625 0.80078125 0.0765625 0.125
0 0.1609375 0.7859375 0.0625 0.08671875