2 0.41015625 0.12109375 0.18046875 0.21875
2 0.2234375 0.4546875 0.2015625 0.39921875
2 0.75625 0.4078125 0.28125 0.31015625
2 0.84375 0.765625 0.115625 0.26171875
2 0.45078125 0.5765625 0.6609375 0.64453125
1 0.11328125 0.7765625 0.02421875 0.15859375
1 0.24375 0.24296875 0.11796875 0.02421875
1 0.56015625 0.24140625 0.09609375 0.0265625
1 0.7671875 0.24296875 0.09140625 0.03359375
0 0.2875 0.63203125 0.06484375 0.10078125
0 0.3953125 0.2390625 0.07421875 0.18515625
0 0.64921875 0.53828125 0.0625 0.09609375
0 0.7546875 0.7296875 0.071875 0.0890625
0 0.7296875 0.9046875 0.07421875 0.18984375