2 0.25234375 0.24375 0.41328125 0.26171875
2 0.67890625 0.21640625 0.44453125 0.28828125
2 0.6234375 0.06875 0.5453125 0.13671875
2 0.77890625 0.3765625 0.2015625 0.11796875
2 0.77890625 0.5140625 0.21171875 0.16328125
2 0.55859375 0.4 0.228125 0.1703125
2 0.5609375 0.53828125 0.2140625 0.10546875
2 0.2328125 0.4828125 0.40390625 0.27421875
2 0.5140625 0.63203125 0.303125 0.1390625
2 0.759375 0.84765625 0.23046875 0.1421875
0 0.603125 0.82421875 0.115625 0.053125
0 0.5265625 0.50703125 0.1109375 0.071875
0 0.415625 0.44609375 0.10546875 0.0453125
0 0.38671875 0.1109375 0.08203125 0.08671875
0 0.7328125 0.453125 0.10078125 0.06484375
0 0.62265625 0.46640625 0.10546875 0.04296875
0 0.53828125 0.61171875 0.08671875 0.06953125
1 0.2140625 0.59375 0.2359375 0.02890625
1 0.2046875 0.10703125 0.26953125 0.05078125
1 0.6421875 0.1109375 0.20703125 0.02890625
1 0.7359375 0.5953125 0.08671875 0.0265625
1 0.69375 0.9171875 0.09375 0.0171875