1 0.3921875 0.37109375 0.28359375 0.49765625
1 0.68515625 0.57421875 0.39453125 0.125
1 0.821875 0.6828125 0.125 0.33671875
1 0.7875 0.3125 0.18046875 0.3796875
1 0.61328125 0.3125 0.15859375 0.3703125
1 0.14296875 0.45078125 0.1609375 0.353125
0 0.20546875 0.37265625 0.084375 0.1109375
0 0.65390625 0.30078125 0.0625 0.10078125
0 0.6078125 0.5515625 0.0578125 0.0984375
0 0.73046875 0.4703125 0.0671875 0.103125
0 0.803125 0.91015625 0.071875 0.11328125
1 0.39296875 0.08984375 0.1703125 0.05078125
1 0.78515625 0.09765625 0.103125 0.05546875
1 0.23203125 0.50703125 0.0265625 0.15390625