2 0.178125 0.49140625 0.35546875 0.75703125
2 0.38125 0.39296875 0.21875 0.5453125
2 0.5796875 0.3921875 0.3125 0.5578125
2 0.49609375 0.76953125 0.4109375 0.22109375
2 0.8328125 0.21640625 0.25703125 0.22109375
2 0.8296875 0.59375 0.33203125 0.553125
0 0.7828125 0.328125 0.12734375 0.24296875
0 0.3890625 0.71640625 0.08671875 0.134375
0 0.26796875 0.7515625 0.12265625 0.146875
0 0.72109375 0.734375 0.0765625 0.1078125
0 0.40625 0.2609375 0.053125 0.09375
1 0.60078125 0.11796875 0.1203125 0.0484375
1 0.3796875 0.115625 0.10546875 0.053125
1 0.1390625 0.12265625 0.22109375 0.0484375