2 0.1828125 0.4671875 0.365625 0.76171875
2 0.3921875 0.3703125 0.178125 0.54296875
2 0.59140625 0.36875 0.303125 0.55546875
2 0.50703125 0.7453125 0.41328125 0.2359375
2 0.84375 0.19375 0.2546875 0.209375
2 0.84140625 0.56953125 0.27421875 0.53359375
0 0.79453125 0.30546875 0.07421875 0.240625
0 0.4015625 0.69375 0.09140625 0.13671875
0 0.2796875 0.72734375 0.12734375 0.146875
0 0.7328125 0.71171875 0.08671875 0.1109375
0 0.41796875 0.23828125 0.0578125 0.09609375
1 0.61328125 0.09375 0.1203125 0.04296875
1 0.3921875 0.0921875 0.10546875 0.05546875
1 0.1515625 0.1 0.22109375 0.084375