2 0.4984375 0.10078125 0.2046875 0.1828125
2 0.67890625 0.109375 0.17578125 0.18046875
2 0.5890625 0.22578125 0.3609375 0.16328125
2 0.2921875 0.5171875 0.31484375 0.2984375
2 0.82578125 0.37890625 0.11328125 0.1515625
2 0.83515625 0.5453125 0.146875 0.1921875
2 0.84765625 0.75859375 0.15625 0.271875
2 0.64921875 0.88359375 0.53828125 0.11796875
2 0.1625 0.7328125 0.2140625 0.20703125
2 0.415625 0.73828125 0.34140625 0.196875
2 0.67421875 0.73828125 0.2046875 0.21171875
2 0.509375 0.5109375 0.14921875 0.25703125
2 0.64921875 0.6078125 0.1296875 0.071875
2 0.74296875 0.6078125 0.071875 0.0671875
2 0.6765625 0.53125 0.19921875 0.1109375
2 0.62265625 0.43515625 0.10078125 0.09140625
2 0.71875 0.43046875 0.10078125 0.10078125
0 0.4796875 0.1609375 0.0453125 0.04296875
1 0.49765625 0.01953125 0.1296875 0.03359375
1 0.68984375 0.02421875 0.09609375 0.01953125
1 0.9265625 0.7640625 0.021875 0.22578125
1 0.196875 0.83046875 0.071875 0.021875
1 0.32109375 0.83046875 0.06015625 0.0265625
1 0.490625 0.390625 0.08203125 0.021875
1 0.6 0.38671875 0.021875 0.0140625
1 0.14921875 0.415625 0.01953125 0.0578125
0 0.625 0.18046875 0.0578125 0.04296875
0 0.61796875 0.2234375 0.0625 0.0484375
0 0.415625 0.56015625 0.053125 0.0484375
0 0.55546875 0.5484375 0.0578125 0.04296875
0 0.62265625 0.56640625 0.03828125 0.03125
0 0.66796875 0.5640625 0.0484375 0.0359375
0 0.6890625 0.45703125 0.05078125 0.03828125
0 0.69609375 0.4953125 0.05546875 0.053125
0 0.81953125 0.475 0.053125 0.05078125
0 0.7859375 0.5421875 0.0484375 0.040625
0 0.7921875 0.59765625 0.05546875 0.040625
0 0.84375 0.915625 0.134375 0.0765625
0 0.428125 0.8484375 0.0625 0.053125
0 0.59609375 0.7046875 0.053125 0.04296875
0 0.546875 0.73828125 0.0453125 0.04296875
0 0.42578125 0.77421875 0.071875 0.0671875
0 0.146875 0.56640625 0.10078125 0.06953125