2 0.50859375 0.07421875 0.2078125 0.1484375
2 0.6984375 0.0828125 0.18984375 0.165625
2 0.6046875 0.18984375 0.37734375 0.10078125
2 0.2953125 0.49296875 0.303125 0.27890625
2 0.85234375 0.3484375 0.13671875 0.1734375
2 0.86171875 0.52265625 0.12734375 0.18515625
2 0.875 0.7453125 0.21171875 0.2984375
2 0.6671875 0.875 0.56015625 0.1296875
2 0.1609375 0.71875 0.20703125 0.2015625
2 0.42421875 0.7234375 0.3578125 0.22578125
2 0.69453125 0.725 0.20703125 0.2140625
2 0.521875 0.48828125 0.15859375 0.26953125
2 0.6671875 0.5875 0.13671875 0.07421875
2 0.7671875 0.5890625 0.071875 0.0671875
2 0.69609375 0.509375 0.2140625 0.14453125
2 0.640625 0.4078125 0.0984375 0.0890625
2 0.74140625 0.40234375 0.11328125 0.1078125
0 0.49140625 0.12109375 0.05078125 0.0453125
1 0.95703125 0.75 0.0578125 0.23046875
1 0.19609375 0.81953125 0.07421875 0.03359375
1 0.32578125 0.81953125 0.06484375 0.01953125
1 0.50234375 0.36171875 0.08671875 0.0171875
1 0.61640625 0.35703125 0.021875 0.01171875
1 0.146875 0.3859375 0.02421875 0.06015625
0 0.64296875 0.1421875 0.06953125 0.053125
0 0.634375 0.1875 0.0625 0.04296875
0 0.42421875 0.53828125 0.05078125 0.04296875
0 0.56953125 0.525 0.0625 0.05078125
0 0.640625 0.54453125 0.0453125 0.0359375
0 0.6875 0.5421875 0.0484375 0.0359375
0 0.709375 0.42890625 0.053125 0.040625
0 0.71640625 0.47109375 0.0484375 0.0484375
0 0.84609375 0.4484375 0.0484375 0.05078125
0 0.81015625 0.51953125 0.053125 0.04296875
0 0.8171875 0.5765625 0.0625 0.0484375
0 0.87109375 0.91015625 0.1421875 0.0890625
0 0.4375 0.8390625 0.0671875 0.053125
0 0.61328125 0.6890625 0.053125 0.040625
0 0.5609375 0.725 0.05078125 0.05078125
0 0.43515625 0.7609375 0.0625 0.06015625
0 0.14453125 0.54453125 0.10546875 0.07421875