2 0.74296875 0.1515625 0.4328125 0.16796875
2 0.88203125 0.36875 0.14921875 0.25703125
2 0.68359375 0.4328125 0.31953125 0.384375
2 0.9015625 0.5625 0.09609375 0.115625
2 0.88203125 0.73203125 0.14453125 0.18984375
2 0.73671875 0.73046875 0.13671875 0.196875
2 0.59375 0.8734375 0.1390625 0.07421875
2 0.64453125 0.68359375 0.04296875 0.11328125
2 0.64296875 0.78984375 0.040625 0.06484375
2 0.56875 0.73203125 0.0890625 0.19453125
2 0.4 0.69140625 0.12265625 0.26171875
2 0.2609375 0.7203125 0.1421875 0.209375
2 0.109375 0.725 0.146875 0.209375
2 0.0984375 0.64765625 0.0578125 0.05078125
2 0.04921875 0.646875 0.0359375 0.053125
2 0.084375 0.55546875 0.09140625 0.115625
2 0.234375 0.5484375 0.2046875 0.10546875
2 0.18359375 0.365625 0.30078125 0.25
2 0.421875 0.48828125 0.084375 0.1296875
2 0.4 0.3953125 0.12265625 0.31953125
1 0.11640625 0.234375 0.1421875 0.0171875
1 0.265625 0.23203125 0.12265625 0.0171875
1 0.40234375 0.2328125 0.0984375 0.0140625
1 0.053125 0.83203125 0.03359375 0.02421875
1 0.26171875 0.83046875 0.1203125 0.0171875
1 0.4 0.8328125 0.12734375 0.01171875
1 0.5734375 0.23203125 0.0890625 0.01171875
1 0.7359375 0.23671875 0.14453125 0.0171875
1 0.88359375 0.2359375 0.1515625 0.009375
1 0.96015625 0.3125 0.01171875 0.115625
1 0.95703125 0.43125 0.009375 0.11796875
1 0.959375 0.515625 0.009375 0.01171875
1 0.95546875 0.740625 0.00703125 0.1734375
1 0.88125 0.83671875 0.13203125 0.0140625
1 0.740625 0.8375 0.1296875 0.0171875
1 0.56875 0.8375 0.09375 0.01171875
0 0.32421875 0.275 0.04296875 0.05546875
0 0.3578125 0.4578125 0.03828125 0.0453125
0 0.15625 0.5140625 0.03359375 0.0625
0 0.1421875 0.5359375 0.04296875 0.053125
0 0.140625 0.64765625 0.0265625 0.040625
0 0.053125 0.696875 0.01953125 0.03828125
0 0.16484375 0.6390625 0.03125 0.08203125
0 0.21171875 0.63671875 0.03359375 0.0578125
0 0.33046875 0.5890625 0.040625 0.03828125
0 0.640625 0.771875 0.040625 0.0578125
0 0.64453125 0.85234375 0.03828125 0.05546875
0 0.7859375 0.6546875 0.03359375 0.06484375
0 0.83046875 0.6546875 0.03125 0.06015625
0 0.83984375 0.60078125 0.040625 0.0578125
0 0.83203125 0.484375 0.02890625 0.06484375
0 0.64453125 0.2203125 0.03359375 0.06484375