2 0.2078125 0.21875 0.37265625 0.4328125
2 0.5796875 0.21640625 0.4515625 0.41328125
2 0.88671875 0.21484375 0.16328125 0.3921875
2 0.771875 0.57421875 0.3796875 0.35078125
2 0.540625 0.578125 0.14453125 0.31484375
2 0.42578125 0.646875 0.14453125 0.47109375
2 0.20703125 0.734375 0.3078125 0.290625
2 0.15625 0.5046875 0.23046875 0.1828125
2 0.32421875 0.50703125 0.09609375 0.178125
1 0.0375 0.23046875 0.040625 0.3125
1 0.0359375 0.509375 0.03828125 0.0671875
1 0.0375 0.74765625 0.05078125 0.15859375
1 0.8125 0.21875 0.0578125 0.375
1 0.95546875 0.58046875 0.040625 0.19453125
0 0.84375 0.35546875 0.09609375 0.10078125
0 0.328125 0.3703125 0.1078125 0.1109375
0 0.13203125 0.38359375 0.0671875 0.0984375
0 0.4046875 0.93515625 0.084375 0.1203125
0 0.38203125 0.553125 0.0671875 0.08203125