2 0.21875 0.240625 0.33203125 0.40390625
2 0.58515625 0.23828125 0.42578125 0.384375
2 0.890625 0.23828125 0.19453125 0.384375
2 0.77734375 0.59375 0.37265625 0.34140625
2 0.5484375 0.59609375 0.16796875 0.3078125
2 0.43359375 0.66484375 0.19921875 0.4640625
2 0.21640625 0.7515625 0.3078125 0.290625
2 0.1671875 0.525 0.2328125 0.18984375
2 0.33203125 0.5265625 0.071875 0.16796875
1 0.04921875 0.25390625 0.05078125 0.31015625
1 0.0484375 0.52890625 0.03828125 0.0671875
1 0.04921875 0.7640625 0.0453125 0.15390625
1 0.8171875 0.240625 0.0625 0.3703125
1 0.959375 0.6 0.053125 0.18984375
0 0.84765625 0.3765625 0.0984375 0.103125
0 0.3375 0.390625 0.103125 0.1078125
0 0.14296875 0.40390625 0.06953125 0.10078125
0 0.4125 0.94296875 0.084375 0.1140625
0 0.3921875 0.571875 0.0625 0.0765625