2 0.4953125 0.0921875 0.74375 0.184375
2 0.1984375 0.31484375 0.1703125 0.2546875
2 0.56953125 0.34609375 0.60546875 0.375
2 0.6578125 0.5484375 0.1515625 0.10078125
2 0.71640625 0.66796875 0.27890625 0.321875
2 0.50703125 0.66328125 0.1828125 0.34140625
2 0.35234375 0.56640625 0.1609375 0.1515625
2 0.19921875 0.5375 0.14453125 0.18984375
2 0.28125 0.7359375 0.303125 0.2015625
2 0.4828125 0.90859375 0.1296875 0.1203125
2 0.6140625 0.91328125 0.11796875 0.134375
1 0.38671875 0.18359375 0.14921875 0.03125
1 0.6828125 0.18984375 0.1296875 0.02890625
1 0.8703125 0.55390625 0.04296875 0.0890625
1 0.78125 0.83671875 0.1203125 0.02890625
1 0.22265625 0.83984375 0.12734375 0.0453125
1 0.58203125 0.9796875 0.03359375 0.01171875
0 0.22734375 0.15859375 0.084375 0.071875
0 0.5265625 0.1578125 0.09140625 0.07421875
0 0.475 0.60546875 0.09375 0.0765625
0 0.62734375 0.71171875 0.10078125 0.0671875
0 0.65859375 0.61640625 0.0671875 0.06015625
0 0.4828125 0.865625 0.09140625 0.08203125
0 0.5140625 0.9265625 0.09609375 0.06015625
0 0.23203125 0.40859375 0.0796875 0.0671875
0 0.31015625 0.3234375 0.10078125 0.0796875
0 0.225 0.50390625 0.0890625 0.06953125
0 0.39765625 0.68046875 0.09375 0.08203125