2 0.0921875 0.23046875 0.184375 0.4328125
2 0.3265625 0.4109375 0.39453125 0.7984375
2 0.12890625 0.64453125 0.1421875 0.3078125
1 0.078125 0.62265625 0.03125 0.196875
2 0.6 0.53125 0.25234375 0.51953125
2 0.8578125 0.6203125 0.28359375 0.3609375
2 0.84140625 0.225 0.3171875 0.42578125
2 0.65625 0.1578125 0.14921875 0.2671875
2 0.5453125 0.1875 0.125 0.3265625
0 0.64453125 0.68125 0.0671875 0.103125
0 0.66328125 0.8015625 0.10078125 0.26171875
0 0.73828125 0.5015625 0.09140625 0.12734375
0 0.734375 0.365625 0.09375 0.125
0 0.62109375 0.21640625 0.06484375 0.1109375
0 0.646875 0.34140625 0.08671875 0.134375
0 0.15859375 0.35078125 0.14453125 0.1390625