2 0.42890625 0.13359375 0.51171875 0.19921875
2 0.0765625 0.1359375 0.153125 0.1875
2 0.34140625 0.4015625 0.375 0.35078125
2 0.72578125 0.5625 0.509375 0.66796875
2 0.36796875 0.7515625 0.4375 0.38671875
2 0.0875 0.49765625 0.175 0.5015625
2 0.07109375 0.85546875 0.1421875 0.1875
1 0.0453125 0.2359375 0.090625 0.05625
1 0.3375 0.23671875 0.1703125 0.0359375
0 0.57578125 0.19453125 0.146875 0.134375
0 0.478125 0.7296875 0.134375 0.12265625
0 0.34140625 0.69609375 0.115625 0.084375
0 0.22109375 0.9578125 0.08203125 0.084375
0 0.3375 0.96875 0.07421875 0.0625
0 0.46640625 0.92265625 0.1140625 0.1546875
0 0.59296875 0.98515625 0.2703125 0.0296875
0 0.93359375 0.9828125 0.13203125 0.03359375
1 0.8453125 0.24296875 0.17578125 0.0484375