2 0.41796875 0.134375 0.5046875 0.240625
2 0.0734375 0.13828125 0.146875 0.18046875
2 0.33046875 0.396875 0.36796875 0.34140625
2 0.7078125 0.55390625 0.44921875 0.62734375
2 0.35703125 0.740625 0.4109375 0.35546875
2 0.084375 0.4953125 0.16796875 0.490625
2 0.06484375 0.84140625 0.1296875 0.178125
1 0.04296875 0.23515625 0.0859375 0.0484375
1 0.328125 0.2359375 0.1703125 0.04296875
0 0.56015625 0.19453125 0.134375 0.125
0 0.46484375 0.71875 0.13671875 0.125
0 0.33203125 0.6859375 0.125 0.0984375
0 0.2140625 0.94921875 0.0765625 0.09609375
0 0.3296875 0.9546875 0.0671875 0.0578125
0 0.4546875 0.91484375 0.125 0.1703125
0 0.578125 0.97578125 0.26171875 0.0484375
0 0.6796875 0.9875 0.08125 0.025
0 0.91328125 0.97734375 0.134375 0.0453125
1 0.82421875 0.24140625 0.16796875 0.06953125