2 0.4328125 0.11796875 0.5140625 0.196875
2 0.07421875 0.11953125 0.1484375 0.1734375
2 0.34375 0.3859375 0.365625 0.334375
2 0.73046875 0.5484375 0.51953125 0.6734375
2 0.3703125 0.73828125 0.46640625 0.428125
2 0.0921875 0.4859375 0.184375 0.503125
2 0.06640625 0.8421875 0.13203125 0.17578125
1 0.046875 0.2234375 0.09375 0.03828125
1 0.33984375 0.22109375 0.17578125 0.0484375
0 0.5796875 0.17890625 0.1390625 0.12734375
0 0.48203125 0.71484375 0.13203125 0.12265625
0 0.34609375 0.6828125 0.1203125 0.09140625
0 0.22265625 0.95078125 0.084375 0.0984375
0 0.3421875 0.959375 0.06953125 0.0578125
0 0.47109375 0.915625 0.125 0.16796875
0 0.5984375 0.984375 0.26953125 0.03125
0 0.703125 0.9890625 0.084375 0.021875
0 0.93515625 0.98046875 0.125 0.03828125
1 0.85 0.22734375 0.17578125 0.040625