2 0.12734375 0.39453125 0.125 0.3609375
2 0.55390625 0.3921875 0.74296875 0.39453125
2 0.56015625 0.2828125 0.33671875 0.36796875
2 0.3109375 0.74765625 0.2671875 0.34140625
2 0.484375 0.68984375 0.12734375 0.21640625
2 0.68125 0.7484375 0.50703125 0.37265625
1 0.4828125 0.1 0.115625 0.0359375
1 0.61875 0.10078125 0.13203125 0.0578125
1 0.928125 0.39921875 0.0578125 0.2546875
1 0.9265625 0.75 0.0265625 0.22109375
1 0.18125 0.75 0.0171875 0.21171875
1 0.1828125 0.3484375 0.01953125 0.21640625
0 0.19375 0.49765625 0.05546875 0.09140625
0 0.28515625 0.56484375 0.0984375 0.0765625
0 0.5421875 0.696875 0.03125 0.08203125
0 0.54296875 0.84140625 0.04296875 0.0765625
0 0.56875 0.91953125 0.0890625 0.11796875
0 0.665625 0.69375 0.053125 0.05078125
0 0.7234375 0.63828125 0.04296875 0.09375
0 0.7234375 0.52421875 0.04296875 0.08671875