2 0.125 0.39765625 0.134375 0.36328125
2 0.55546875 0.39765625 0.7640625 0.4203125
2 0.5625 0.2875 0.35078125 0.38203125
2 0.31015625 0.75703125 0.26953125 0.34140625
2 0.4859375 0.696875 0.1203125 0.22109375
2 0.68515625 0.75703125 0.509375 0.365625
1 0.484375 0.10234375 0.11796875 0.03125
1 0.62109375 0.103125 0.13671875 0.04296875
1 0.9328125 0.4046875 0.03828125 0.26171875
1 0.9328125 0.759375 0.03359375 0.22578125
1 0.17890625 0.75859375 0.0171875 0.2140625
1 0.18125 0.353125 0.06484375 0.20703125
0 0.1921875 0.50390625 0.0578125 0.09375
0 0.28359375 0.571875 0.09609375 0.0765625
0 0.54296875 0.70546875 0.04296875 0.084375
0 0.54453125 0.85078125 0.03125 0.0765625
0 0.57109375 0.93046875 0.084375 0.115625
0 0.66796875 0.7015625 0.053125 0.053125
0 0.72734375 0.6453125 0.040625 0.0984375
0 0.72578125 0.53125 0.0484375 0.09140625