2 0.6625 0.08046875 0.55546875 0.07421875
2 0.58515625 0.2015625 0.40625 0.1390625
2 0.86640625 0.203125 0.146875 0.1421875
2 0.5875 0.3125 0.0359375 0.08671875
2 0.4734375 0.31640625 0.178125 0.0796875
2 0.775 0.31640625 0.31953125 0.0796875
2 0.14765625 0.48828125 0.146875 0.071875
2 0.3015625 0.49296875 0.1515625 0.0671875
2 0.2203125 0.6390625 0.31484375 0.2015625
2 0.6609375 0.69453125 0.5625 0.3125
2 0.4640625 0.59375 0.15859375 0.1109375
2 0.428125 0.678125 0.08671875 0.053125
2 0.509375 0.678125 0.0765625 0.0625
2 0.4359375 0.77265625 0.11328125 0.1421875
2 0.546875 0.9 0.13671875 0.0796875
2 0.55078125 0.77890625 0.10546875 0.1390625
2 0.69140625 0.7703125 0.146875 0.13671875
2 0.8546875 0.77421875 0.1703125 0.15390625
2 0.6625 0.62109375 0.2328125 0.15625
2 0.8640625 0.61796875 0.13671875 0.14921875
2 0.6421875 0.48046875 0.178125 0.0765625
1 0.453125 0.5328125 0.06953125 0.021875
1 0.64921875 0.5296875 0.03359375 0.0171875
1 0.69140625 0.5359375 0.040625 0.02421875
1 0.8578125 0.5296875 0.0625 0.0171875
1 0.8546875 0.85703125 0.05078125 0.021875
1 0.69453125 0.85703125 0.09140625 0.0265625
1 0.43359375 0.86171875 0.040625 0.01171875
1 0.1390625 0.45078125 0.03828125 0.01171875
1 0.30625 0.4484375 0.0453125 0.0171875
0 0.3921875 0.49765625 0.04296875 0.03359375
0 0.13359375 0.5515625 0.0359375 0.040625
0 0.490625 0.1875 0.053125 0.04296875
0 0.53125 0.19140625 0.03359375 0.0359375
0 0.8109375 0.22109375 0.040625 0.03359375
0 0.79453125 0.61171875 0.040625 0.06015625
0 0.9 0.646875 0.040625 0.03359375
0 0.54296875 0.771875 0.0484375 0.04296875
0 0.525 0.62890625 0.06015625 0.040625
0 0.47734375 0.72265625 0.040625 0.0265625
0 0.54921875 0.8734375 0.040625 0.0453125
0 0.78515625 0.80390625 0.0359375 0.0359375
0 0.86640625 0.75390625 0.040625 0.03125
0 0.8796875 0.7921875 0.0484375 0.0453125
0 0.96015625 0.80859375 0.0453125 0.0359375
0 0.59140625 0.5171875 0.0484375 0.04296875