2 0.11796875 0.2875 0.1921875 0.18515625
2 0.2171875 0.2359375 0.0796875 0.071875
2 0.09765625 0.46171875 0.15625 0.1734375
2 0.21484375 0.45546875 0.11796875 0.165625
2 0.24765625 0.3265625 0.09140625 0.1109375
2 0.4125 0.240625 0.3296875 0.33671875
2 0.33984375 0.45703125 0.12734375 0.10546875
2 0.35546875 0.553125 0.0484375 0.0765625
2 0.71875 0.18046875 0.1203125 0.1921875
2 0.80625 0.13203125 0.06484375 0.1109375
2 0.80546875 0.23671875 0.0625 0.0984375
2 0.90390625 0.24140625 0.1734375 0.3296875
2 0.69140625 0.30625 0.165625 0.0796875
2 0.75390625 0.3421875 0.1703125 0.13203125
2 0.50390625 0.65234375 0.17578125 0.19453125
2 0.49609375 0.821875 0.1609375 0.1734375
2 0.5484375 0.85546875 0.04296875 0.08671875
2 0.62265625 0.82109375 0.125 0.1703125
2 0.62890625 0.69609375 0.103125 0.084375
2 0.61796875 0.59765625 0.08203125 0.07421875
2 0.7171875 0.6 0.12734375 0.31953125
2 0.875 0.53828125 0.20703125 0.21640625
2 0.83203125 0.5796875 0.09609375 0.1109375
2 0.8390625 0.7046875 0.1296875 0.125
2 0.93359375 0.70703125 0.09375 0.1296875
1 0.02265625 0.29453125 0.021875 0.06484375
1 0.02421875 0.4375 0.02890625 0.0671875
1 0.08984375 0.54296875 0.05078125 0.02890625
1 0.2140625 0.54296875 0.0625 0.03828125
1 0.375 0.0765625 0.0578125 0.02890625
1 0.51171875 0.0515625 0.0625 0.0265625
1 0.57421875 0.19453125 0.01953125 0.08671875
1 0.5765625 0.33515625 0.0140625 0.05546875
1 0.4484375 0.40859375 0.0453125 0.02421875
1 0.14453125 0.19921875 0.0484375 0.01953125
1 0.2015625 0.2015625 0.01953125 0.01953125
1 0.65625 0.11796875 0.009375 0.03359375
1 0.6578125 0.25 0.01171875 0.02421875
1 0.97265625 0.24296875 0.0453125 0.178125
1 0.91015625 0.078125 0.05546875 0.03125
1 0.975 0.56015625 0.0171875 0.071875
1 0.97578125 0.70546875 0.01953125 0.06953125
1 0.42578125 0.6828125 0.0140625 0.0671875
1 0.42421875 0.828125 0.021875 0.0453125
0 0.3234375 0.07421875 0.06015625 0.1109375
0 0.1921875 0.2953125 0.03359375 0.04296875
0 0.2859375 0.30390625 0.02890625 0.0359375
0 0.13125 0.3953125 0.0359375 0.05078125
0 0.18359375 0.39453125 0.040625 0.053125
0 0.3578125 0.5296875 0.04296875 0.06015625
0 0.72734375 0.10078125 0.05546875 0.053125
0 0.85078125 0.13828125 0.03828125 0.040625
0 0.76328125 0.234375 0.03125 0.040625
0 0.759375 0.296875 0.03828125 0.05078125
0 0.7390625 0.3421875 0.03125 0.040625
0 0.853125 0.35234375 0.03828125 0.040625
0 0.8921875 0.58203125 0.03828125 0.02890625
0 0.765625 0.709375 0.0359375 0.03828125
0 0.88203125 0.740625 0.04296875 0.03359375
0 0.56015625 0.6859375 0.0484375 0.040625
0 0.61328125 0.66328125 0.03359375 0.053125
0 0.59609375 0.76171875 0.03359375 0.0484375
0 0.453125 0.76328125 0.040625 0.0453125
0 0.41015625 0.7859375 0.0359375 0.0484375
0 0.51171875 0.85078125 0.03828125 0.03828125