2 0.1359375 0.2859375 0.19921875 0.1921875
2 0.234375 0.234375 0.084375 0.0796875
2 0.115625 0.459375 0.14921875 0.16796875
2 0.23203125 0.4515625 0.1421875 0.1828125
2 0.2640625 0.32421875 0.09140625 0.1109375
2 0.43046875 0.23828125 0.33671875 0.34609375
2 0.3578125 0.453125 0.1203125 0.103125
2 0.37109375 0.54921875 0.06484375 0.0796875
2 0.7328125 0.178125 0.1390625 0.2015625
2 0.821875 0.13125 0.0578125 0.103125
2 0.81953125 0.2359375 0.053125 0.09609375
2 0.915625 0.240625 0.14921875 0.321875
2 0.70546875 0.30390625 0.165625 0.0796875
2 0.76953125 0.34140625 0.1734375 0.134375
2 0.51953125 0.64921875 0.1734375 0.1921875
2 0.51171875 0.8171875 0.15390625 0.1734375
2 0.5625 0.85078125 0.053125 0.09140625
2 0.63671875 0.81640625 0.1203125 0.165625
2 0.64296875 0.6921875 0.1078125 0.09140625
2 0.63203125 0.59375 0.08671875 0.08203125
2 0.73203125 0.59609375 0.15625 0.3265625
2 0.88828125 0.53515625 0.209375 0.21875
2 0.84375 0.57578125 0.09609375 0.1078125
2 0.85234375 0.69921875 0.13671875 0.1296875
2 0.946875 0.7046875 0.0765625 0.1203125
1 0.040625 0.2921875 0.01953125 0.06484375
1 0.0421875 0.43515625 0.0265625 0.0625
1 0.1078125 0.53984375 0.053125 0.0265625
1 0.23046875 0.53984375 0.0625 0.0359375
1 0.3921875 0.07578125 0.0578125 0.0265625
1 0.52890625 0.05078125 0.0625 0.02890625
1 0.58984375 0.19453125 0.00703125 0.08671875
1 0.59140625 0.3328125 0.009375 0.05546875
1 0.4640625 0.40625 0.0484375 0.02421875
1 0.1609375 0.196875 0.04296875 0.01953125
1 0.21875 0.19921875 0.02421875 0.02421875
1 0.6703125 0.115625 0.0140625 0.03359375
1 0.671875 0.2484375 0.0171875 0.0265625
1 0.984375 0.240625 0.03125 0.178125
1 0.9234375 0.0765625 0.0578125 0.02421875
1 0.98671875 0.55546875 0.0265625 0.071875
1 0.9890625 0.7015625 0.01171875 0.0671875
1 0.44140625 0.678125 0.0265625 0.0671875
1 0.43984375 0.821875 0.01953125 0.0484375
0 0.33984375 0.07421875 0.06015625 0.10546875
0 0.2078125 0.29296875 0.03125 0.04296875
0 0.303125 0.303125 0.02890625 0.03359375
0 0.14921875 0.39296875 0.04296875 0.05546875
0 0.20078125 0.3921875 0.0359375 0.0484375
0 0.375 0.52734375 0.03828125 0.05546875
0 0.740625 0.10078125 0.053125 0.053125
0 0.865625 0.13671875 0.03359375 0.03828125
0 0.7765625 0.2328125 0.03359375 0.04296875
0 0.77421875 0.2953125 0.03828125 0.053125
0 0.75390625 0.33984375 0.0359375 0.040625
0 0.86640625 0.35 0.040625 0.040625
0 0.9046875 0.5796875 0.040625 0.02890625
0 0.77890625 0.7046875 0.03359375 0.03359375
0 0.8953125 0.7359375 0.040625 0.02890625
0 0.57578125 0.68125 0.05078125 0.0453125
0 0.62734375 0.66015625 0.02890625 0.0453125
0 0.61171875 0.75625 0.0359375 0.0453125
0 0.46875 0.759375 0.03828125 0.04296875
0 0.4265625 0.78125 0.0359375 0.0484375
0 0.5265625 0.84609375 0.03828125 0.03828125