2 0.14140625 0.2125 0.2828125 0.425
2 0.371875 0.2125 0.26875 0.425
2 0.07421875 0.52578125 0.1484375 0.2203125
2 0.17421875 0.58203125 0.06953125 0.321875
2 0.06953125 0.68984375 0.1296875 0.10078125
2 0.34375 0.5828125 0.28828125 0.3390625
2 0.20546875 0.8484375 0.1609375 0.22109375
2 0.5703125 0.05625 0.128125 0.1125
2 0.56953125 0.2359375 0.14453125 0.25
2 0.57109375 0.4484375 0.11328125 0.1515625
2 0.57421875 0.64453125 0.1296875 0.22109375
2 0.7046875 0.05546875 0.15859375 0.10546875
2 0.70546875 0.3640625 0.15625 0.49765625
2 0.70546875 0.68046875 0.15625 0.1390625
2 0.87265625 0.37890625 0.2546875 0.75234375
1 0.984375 0.30546875 0.03125 0.134375
1 0.984375 0.44921875 0.03125 0.1296875
1 0.7296875 0.75859375 0.0984375 0.0171875
1 0.38125 0.75 0.084375 0.02890625
1 0.478125 0.56015625 0.0140625 0.10078125
1 0.3703125 0.0109375 0.0765625 0.021875
1 0.12734375 0.0109375 0.08671875 0.021875
1 0.0046875 0.49375 0.009375 0.084375
1 0.1359375 0.8921875 0.01171875 0.03828125
1 0.2671875 0.9265625 0.0140625 0.0453125
0 0.1734375 0.78359375 0.0625 0.09609375
0 0.15625 0.5296875 0.0625 0.0796875
0 0.24609375 0.140625 0.07421875 0.09375
0 0.58984375 0.3453125 0.040625 0.06484375
0 0.646875 0.2859375 0.053125 0.071875
0 0.696875 0.6578125 0.0625 0.084375
0 0.75390625 0.5640625 0.0796875 0.11796875
0 0.178125 0.9734375 0.0671875 0.053125