2 0.1546875 0.20859375 0.309375 0.4171875
2 0.38515625 0.2015625 0.1984375 0.403125
2 0.0796875 0.515625 0.15859375 0.2234375
2 0.1875 0.56953125 0.1109375 0.3265625
2 0.08203125 0.68046875 0.134375 0.115625
2 0.35703125 0.5734375 0.290625 0.34375
2 0.21875 0.8390625 0.1390625 0.21640625
2 0.58515625 0.046875 0.11328125 0.09375
2 0.58515625 0.2234375 0.12265625 0.25
2 0.58515625 0.4375 0.103125 0.14921875
2 0.5875 0.634375 0.1078125 0.21171875
2 0.71875 0.046875 0.15859375 0.09375
2 0.72109375 0.353125 0.1921875 0.509375
2 0.72109375 0.6703125 0.1734375 0.15859375
2 0.86796875 0.37109375 0.2640625 0.7421875
1 0.99296875 0.29296875 0.0140625 0.134375
1 0.99140625 0.4375 0.0171875 0.125
1 0.7453125 0.75 0.10078125 0.0140625
1 0.39453125 0.74140625 0.08671875 0.03125
1 0.49140625 0.54921875 0.0171875 0.0984375
1 0.13828125 0.0046875 0.084375 0.009375
1 0.0140625 0.48203125 0.028125 0.0828125
1 0.14921875 0.88359375 0.0140625 0.040625
1 0.2796875 0.91796875 0.01171875 0.0484375
0 0.18515625 0.775 0.071875 0.103125
0 0.16953125 0.5203125 0.06484375 0.084375
0 0.259375 0.12734375 0.0625 0.09140625
0 0.6046875 0.3328125 0.040625 0.06484375
0 0.6609375 0.27265625 0.0484375 0.06953125
0 0.71171875 0.64765625 0.0578125 0.084375
0 0.76953125 0.553125 0.0765625 0.115625
0 0.19140625 0.97109375 0.06484375 0.0578125