2 0.146875 0.21015625 0.29296875 0.4203125
2 0.365625 0.20546875 0.26953125 0.4109375
2 0.07109375 0.51328125 0.1421875 0.2234375
2 0.16796875 0.56875 0.134375 0.32421875
2 0.06640625 0.678125 0.13203125 0.1203125
2 0.3375 0.571875 0.2765625 0.33203125
2 0.1984375 0.8375 0.1421875 0.21875
2 0.56640625 0.0453125 0.1109375 0.090625
2 0.56484375 0.22265625 0.1296875 0.25234375
2 0.56640625 0.4375 0.103125 0.14921875
2 0.56875 0.63359375 0.1078125 0.2140625
2 0.69921875 0.04453125 0.15390625 0.0890625
2 0.70078125 0.35234375 0.23828125 0.50703125
2 0.7015625 0.66953125 0.1734375 0.1609375
2 0.88125 0.37109375 0.228125 0.7421875
1 0.98046875 0.29296875 0.02890625 0.134375
1 0.98046875 0.4375 0.0140625 0.1296875
1 0.72578125 0.7484375 0.10078125 0.0359375
1 0.375 0.740625 0.08671875 0.03359375
1 0.47109375 0.5484375 0.02890625 0.09609375
1 0.12890625 0.88203125 0.01171875 0.03828125
1 0.259375 0.9171875 0.0140625 0.0453125
0 0.165625 0.77421875 0.0765625 0.10546875
0 0.15 0.51953125 0.06953125 0.08671875
0 0.240625 0.12734375 0.0625 0.09140625
0 0.58515625 0.33203125 0.03125 0.0625
0 0.6421875 0.271875 0.053125 0.071875
0 0.6921875 0.646875 0.0671875 0.08671875
0 0.7484375 0.553125 0.0796875 0.115625
0 0.16953125 0.96875 0.06953125 0.0625