2 0.203125 0.11640625 0.25234375 0.12265625
2 0.14921875 0.3078125 0.1734375 0.2359375
2 0.4375 0.3125 0.4234375 0.25
2 0.19609375 0.49375 0.2328125 0.1515625
2 0.365625 0.49765625 0.1390625 0.15390625
2 0.5515625 0.55078125 0.25703125 0.27421875
2 0.81640625 0.24375 0.25703125 0.13203125
1 0.15390625 0.18515625 0.08671875 0.04296875
1 0.27734375 0.1859375 0.06953125 0.0265625
1 0.4171875 0.18515625 0.13671875 0.0578125
1 0.571875 0.19140625 0.134375 0.06484375
1 0.67890625 0.43046875 0.0453125 0.0671875
1 0.67890625 0.5640625 0.05078125 0.11796875
0 0.35 0.59375 0.09375 0.09609375
0 0.1984375 0.3609375 0.07421875 0.0625
0 0.3296875 0.4828125 0.0671875 0.0671875
0 0.7078125 0.24765625 0.07421875 0.0625
0 0.51171875 0.4515625 0.0625 0.0578125