2 0.1828125 0.1140625 0.259375 0.13203125
2 0.12890625 0.30625 0.15625 0.228125
2 0.41953125 0.3125 0.44453125 0.29296875
2 0.17578125 0.4953125 0.22109375 0.125
2 0.34765625 0.5 0.12265625 0.1390625
2 0.5359375 0.553125 0.23046875 0.25
2 0.8015625 0.24296875 0.2671875 0.15859375
1 0.13359375 0.18359375 0.0890625 0.0359375
1 0.259375 0.18515625 0.071875 0.04296875
1 0.39921875 0.18359375 0.1390625 0.040625
1 0.55546875 0.18984375 0.134375 0.053125
1 0.66328125 0.43125 0.04296875 0.06953125
1 0.66484375 0.5671875 0.06015625 0.1203125
0 0.33046875 0.5953125 0.09375 0.0984375
0 0.178125 0.359375 0.071875 0.06015625
0 0.31015625 0.4859375 0.0671875 0.0671875
0 0.69375 0.24609375 0.06953125 0.05546875
0 0.4953125 0.4515625 0.0625 0.0578125