2 0.2046875 0.12265625 0.2546875 0.1390625
2 0.14921875 0.3078125 0.1734375 0.2359375
2 0.4328125 0.3140625 0.4375 0.31015625
2 0.19453125 0.49296875 0.23046875 0.15859375
2 0.36171875 0.49765625 0.13671875 0.15390625
2 0.5453125 0.5484375 0.259375 0.27421875
2 0.80546875 0.24765625 0.259375 0.15859375
1 0.15390625 0.1890625 0.08671875 0.0359375
1 0.2765625 0.19140625 0.0671875 0.0359375
1 0.41328125 0.18984375 0.134375 0.03828125
1 0.56484375 0.19453125 0.1296875 0.03828125
1 0.6703125 0.4328125 0.03359375 0.0625
1 0.6703125 0.5625 0.04296875 0.115625
0 0.34609375 0.58984375 0.09140625 0.09375
0 0.196875 0.3609375 0.071875 0.0625
0 0.3265625 0.4828125 0.0671875 0.0671875
0 0.69921875 0.2515625 0.0765625 0.06484375
0 0.50625 0.4515625 0.06484375 0.0625