2 0.2234375 0.259375 0.39453125 0.45703125
2 0.225 0.64453125 0.38671875 0.365625
2 0.490625 0.64921875 0.1875 0.33203125
2 0.64921875 0.2609375 0.53359375 0.48828125
2 0.9484375 0.2609375 0.103125 0.42578125
2 0.8421875 0.73671875 0.31484375 0.5171875
2 0.609375 0.85234375 0.2140625 0.271875
2 0.6390625 0.6109375 0.14453125 0.25
1 0.03984375 0.6859375 0.05546875 0.18046875
1 0.04296875 0.32421875 0.02890625 0.1390625
1 0.896875 0.27734375 0.02890625 0.12265625
0 0.89453125 0.4 0.1734375 0.1515625
0 0.72578125 0.603125 0.08203125 0.08671875
0 0.55078125 0.6109375 0.0671875 0.09609375
0 0.3765625 0.671875 0.084375 0.103125
0 0.3734375 0.42578125 0.09375 0.10078125
0 0.540625 0.7921875 0.071875 0.0984375
0 0.4625 0.81953125 0.11796875 0.2546875