2 0.2140625 0.259375 0.3703125 0.4328125
2 0.21484375 0.6296875 0.36796875 0.34609375
2 0.4703125 0.634375 0.19921875 0.3265625
2 0.6234375 0.2609375 0.4734375 0.4203125
2 0.91796875 0.26328125 0.134375 0.4109375
2 0.8234375 0.7203125 0.30078125 0.4828125
2 0.58515625 0.83046875 0.19453125 0.25234375
2 0.6140625 0.5984375 0.11328125 0.23046875
1 0.0375 0.66953125 0.021875 0.17578125
1 0.03984375 0.321875 0.040625 0.1296875
1 0.97109375 0.77265625 0.03828125 0.1703125
1 0.86171875 0.27734375 0.0359375 0.11796875
0 0.859375 0.3953125 0.1515625 0.12734375
0 0.6984375 0.59140625 0.06953125 0.0765625
0 0.52734375 0.5984375 0.06953125 0.09140625
0 0.3609375 0.65625 0.0765625 0.09609375
0 0.3578125 0.41953125 0.09140625 0.0984375
0 0.51953125 0.771875 0.071875 0.09609375
0 0.44453125 0.79921875 0.10546875 0.24296875