2 0.15625 0.20703125 0.25 0.240625
2 0.1578125 0.40859375 0.24765625 0.1921875
2 0.31953125 0.18515625 0.10546875 0.1734375
2 0.3140625 0.34375 0.0796875 0.10546875
2 0.3171875 0.4484375 0.08671875 0.084375
2 0.40859375 0.3921875 0.09609375 0.196875
2 0.41484375 0.1921875 0.1078125 0.196875
2 0.5359375 0.2078125 0.16796875 0.228125
2 0.5046875 0.375 0.08203125 0.09609375
2 0.50703125 0.46875 0.08671875 0.0765625
2 0.66015625 0.43359375 0.2046875 0.2140625
2 0.6546875 0.71640625 0.24765625 0.375
2 0.8578125 0.790625 0.1734375 0.22109375
2 0.85546875 0.55546875 0.20703125 0.2546875
2 0.7953125 0.37109375 0.08203125 0.103125
2 0.86171875 0.2140625 0.19921875 0.22578125
2 0.86328125 0.375 0.0625 0.09140625
2 0.921875 0.3796875 0.06015625 0.09609375
2 0.6984375 0.21171875 0.13671875 0.23046875
1 0.1875 0.49609375 0.10546875 0.0171875
1 0.415625 0.5015625 0.0625 0.03125
1 0.33046875 0.09765625 0.05546875 0.0171875
1 0.3921875 0.10078125 0.0578125 0.02421875
1 0.5484375 0.10234375 0.08671875 0.040625
1 0.69375 0.10234375 0.0890625 0.021875
1 0.8453125 0.1 0.084375 0.0171875
1 0.95078125 0.53125 0.040625 0.1296875
1 0.94921875 0.74609375 0.02421875 0.11796875
1 0.5484375 0.7140625 0.0625 0.2453125
0 0.1109375 0.5203125 0.04296875 0.06484375
0 0.37734375 0.24296875 0.0484375 0.03828125
0 0.38828125 0.3125 0.040625 0.0578125
0 0.37890625 0.37265625 0.0453125 0.0484375
0 0.375 0.4359375 0.03828125 0.05078125
0 0.48203125 0.35703125 0.05078125 0.06484375
0 0.5359375 0.36328125 0.0625 0.071875
0 0.4953125 0.459375 0.0578125 0.0765625
0 0.5875 0.30078125 0.040625 0.08203125
0 0.66484375 0.2984375 0.0453125 0.08203125
0 0.6234375 0.3453125 0.021875 0.0265625
0 0.66328125 0.40859375 0.03359375 0.053125
0 0.81484375 0.303125 0.0484375 0.0625
0 0.828125 0.3703125 0.040625 0.0484375
0 0.9171875 0.4546875 0.0453125 0.0625
0 0.82109375 0.4625 0.0453125 0.0796875
0 0.77890625 0.7140625 0.04296875 0.053125
0 0.928125 0.64921875 0.0484375 0.071875