2 0.1296875 0.20546875 0.259375 0.25703125
2 0.12890625 0.4125 0.24765625 0.18046875
2 0.29453125 0.18359375 0.084375 0.1703125
2 0.290625 0.34765625 0.08203125 0.1078125
2 0.29296875 0.453125 0.09140625 0.0890625
2 0.38671875 0.3953125 0.09609375 0.19921875
2 0.39296875 0.19140625 0.103125 0.19921875
2 0.51796875 0.20703125 0.1703125 0.2359375
2 0.4859375 0.3796875 0.08671875 0.10546875
2 0.48828125 0.475 0.08671875 0.07421875
2 0.6453125 0.4390625 0.2140625 0.2234375
2 0.640625 0.728125 0.24765625 0.3796875
2 0.8484375 0.80546875 0.1828125 0.23046875
2 0.84609375 0.5640625 0.21640625 0.2671875
2 0.78515625 0.375 0.0890625 0.1109375
2 0.85234375 0.2140625 0.2046875 0.2359375
2 0.8546875 0.37890625 0.06015625 0.09375
2 0.91328125 0.38359375 0.0578125 0.0984375
2 0.68359375 0.21171875 0.13671875 0.2359375
1 0.16015625 0.50390625 0.1078125 0.021875
1 0.39453125 0.509375 0.0625 0.03828125
1 0.30625 0.0953125 0.05546875 0.01171875
1 0.3703125 0.09765625 0.0578125 0.021875
1 0.5296875 0.0984375 0.0890625 0.03359375
1 0.67890625 0.0984375 0.0890625 0.03359375
1 0.834375 0.09609375 0.08203125 0.02421875
1 0.94375 0.53828125 0.03125 0.134375
1 0.94140625 0.759375 0.021875 0.1203125
1 0.5296875 0.72578125 0.06484375 0.25
0 0.08046875 0.52734375 0.05078125 0.06953125
0 0.35546875 0.24140625 0.0484375 0.0359375
0 0.365625 0.31484375 0.04296875 0.0625
0 0.35546875 0.3765625 0.0484375 0.05078125
0 0.35234375 0.44140625 0.0453125 0.05546875
0 0.46171875 0.359375 0.0578125 0.06484375
0 0.51796875 0.365625 0.06015625 0.0671875
0 0.475 0.46484375 0.05546875 0.0796875
0 0.57109375 0.3015625 0.05546875 0.084375
0 0.64921875 0.29921875 0.03828125 0.084375
0 0.6078125 0.34765625 0.01953125 0.0265625
0 0.64765625 0.4125 0.0359375 0.05546875
0 0.80390625 0.30390625 0.040625 0.06015625
0 0.8171875 0.37265625 0.03828125 0.04296875
0 0.91015625 0.4578125 0.0453125 0.06484375
0 0.81015625 0.46875 0.0484375 0.0765625
0 0.7671875 0.72578125 0.053125 0.0578125
0 0.91953125 0.66015625 0.0359375 0.06953125