2 0.1546875 0.21640625 0.2328125 0.22578125
2 0.15625 0.4171875 0.25 0.19453125
2 0.3171875 0.19375 0.08671875 0.165625
2 0.3125 0.353125 0.0765625 0.10078125
2 0.3171875 0.45703125 0.08671875 0.08203125
2 0.40859375 0.4 0.09140625 0.19453125
2 0.41328125 0.20078125 0.1296875 0.19921875
2 0.53515625 0.21640625 0.1703125 0.23046875
2 0.50390625 0.384375 0.0796875 0.09609375
2 0.50625 0.478125 0.084375 0.071875
2 0.65859375 0.4421875 0.22578125 0.2359375
2 0.6546875 0.725 0.25234375 0.37734375
2 0.85703125 0.79921875 0.17578125 0.2234375
2 0.85546875 0.56484375 0.21171875 0.259375
2 0.79453125 0.3796875 0.0890625 0.10546875
2 0.8609375 0.2234375 0.1875 0.21640625
2 0.86328125 0.384375 0.0625 0.09140625
2 0.9203125 0.38828125 0.0578125 0.09375
2 0.696875 0.2203125 0.1390625 0.228125
1 0.1875 0.50625 0.10546875 0.03125
1 0.41484375 0.5109375 0.06015625 0.03125
1 0.33046875 0.10703125 0.05546875 0.0171875
1 0.3921875 0.1109375 0.0578125 0.0140625
1 0.546875 0.1109375 0.084375 0.03828125
1 0.6921875 0.11171875 0.08671875 0.0265625
1 0.84375 0.109375 0.08671875 0.0171875
1 0.94921875 0.53984375 0.04296875 0.12734375
1 0.946875 0.75625 0.0140625 0.11796875
1 0.546875 0.72265625 0.06015625 0.24765625
0 0.1109375 0.5296875 0.0484375 0.06953125
0 0.37734375 0.25 0.04296875 0.03359375
0 0.38671875 0.32109375 0.04296875 0.06015625
0 0.37734375 0.38203125 0.04296875 0.04296875
0 0.375 0.44453125 0.04296875 0.053125
0 0.48046875 0.365625 0.04296875 0.0578125
0 0.53515625 0.37109375 0.06484375 0.06953125
0 0.49375 0.4671875 0.05078125 0.07421875
0 0.58671875 0.30859375 0.0484375 0.084375
0 0.66328125 0.30625 0.04296875 0.084375
0 0.62265625 0.353125 0.02421875 0.02890625
0 0.6625 0.4171875 0.03125 0.05078125
0 0.81484375 0.3109375 0.0484375 0.06484375
0 0.8265625 0.37890625 0.03828125 0.0453125
0 0.9171875 0.46171875 0.040625 0.0578125
0 0.81953125 0.47109375 0.04296875 0.0765625
0 0.77890625 0.72265625 0.04296875 0.05078125
0 0.9265625 0.6578125 0.040625 0.06953125