2 0.32109375 0.1078125 0.51171875 0.1828125
2 0.5 0.34375 0.8703125 0.2640625
2 0.36640625 0.65234375 0.59375 0.3484375
2 0.5609375 0.7921875 0.209375 0.06484375
2 0.8140625 0.58515625 0.24765625 0.19453125
2 0.8140625 0.759375 0.24296875 0.1296875
2 0.50390625 0.9109375 0.88671875 0.14453125
1 0.25625 0.2078125 0.32421875 0.021875
1 0.7671875 0.20703125 0.21171875 0.02421875
1 0.2828125 0.83515625 0.18984375 0.0171875
1 0.74375 0.83515625 0.07421875 0.0171875
0 0.50859375 0.16796875 0.13671875 0.1109375
0 0.61875 0.61171875 0.15625 0.0796875
0 0.74765625 0.6578125 0.09609375 0.06484375
0 0.5609375 0.7140625 0.13671875 0.09609375
0 0.5640625 0.87109375 0.15625 0.0890625