2 0.2828125 0.1765625 0.415625 0.290625
2 0.553125 0.11640625 0.16328125 0.165625
2 0.725 0.16953125 0.24296875 0.2765625
2 0.72109375 0.4328125 0.20703125 0.259375
2 0.72265625 0.69453125 0.24765625 0.27890625
2 0.09375 0.43515625 0.08671875 0.22578125
2 0.3234375 0.43515625 0.36328125 0.2640625
2 0.35 0.6265625 0.09375 0.11796875
2 0.50390625 0.625 0.228125 0.14453125
2 0.54453125 0.3859375 0.1515625 0.37734375
1 0.196875 0.03984375 0.115625 0.0359375
1 0.38671875 0.040625 0.1296875 0.0484375
1 0.540625 0.0421875 0.0625 0.0171875
1 0.83515625 0.16796875 0.0171875 0.14453125
1 0.828125 0.4375 0.040625 0.1390625
1 0.83046875 0.69921875 0.0265625 0.134375
1 0.14921875 0.46015625 0.04296875 0.1515625
1 0.0453125 0.4265625 0.053125 0.19921875
1 0.05625 0.55078125 0.0171875 0.009375
1 0.06015625 0.31640625 0.009375 0.00703125
0 0.25859375 0.2703125 0.06015625 0.0796875
0 0.14296875 0.353125 0.1078125 0.053125
0 0.4078125 0.6046875 0.05546875 0.05078125
0 0.446875 0.6859375 0.08203125 0.13671875
0 0.63828125 0.603125 0.06953125 0.0765625
0 0.6421875 0.5015625 0.0671875 0.07421875
0 0.6390625 0.23828125 0.0671875 0.0671875
0 0.546875 0.20703125 0.0453125 0.0625
0 0.49375 0.2203125 0.06015625 0.06015625