2 0.27734375 0.17421875 0.42578125 0.2953125
2 0.553125 0.11328125 0.16796875 0.1734375
2 0.73046875 0.16796875 0.2359375 0.27421875
2 0.72578125 0.43359375 0.2359375 0.28125
2 0.72734375 0.7015625 0.2328125 0.26953125
2 0.08515625 0.4375 0.09375 0.23046875
2 0.31953125 0.4390625 0.3890625 0.31015625
2 0.3484375 0.63359375 0.1109375 0.13203125
2 0.50390625 0.63203125 0.2328125 0.14921875
2 0.5453125 0.38671875 0.178125 0.3890625
1 0.19140625 0.03515625 0.12265625 0.021875
1 0.384375 0.0359375 0.1296875 0.0484375
1 0.5421875 0.0375 0.06015625 0.01171875
1 0.8421875 0.165625 0.0265625 0.14921875
1 0.83515625 0.43984375 0.040625 0.1390625
1 0.8375 0.70703125 0.03125 0.1390625
1 0.1421875 0.46484375 0.03359375 0.15625
1 0.0359375 0.43046875 0.0140625 0.21171875
1 0.0484375 0.55546875 0.01953125 0.0140625
1 0.0515625 0.3171875 0.00703125 0.0046875
0 0.25390625 0.2703125 0.06015625 0.0796875
0 0.1359375 0.353125 0.11796875 0.071875
0 0.40625 0.61328125 0.053125 0.0484375
0 0.446875 0.69609375 0.08203125 0.13671875
0 0.6421875 0.6109375 0.0671875 0.071875
0 0.6453125 0.50625 0.06953125 0.07421875
0 0.64296875 0.23671875 0.07421875 0.07421875
0 0.55078125 0.20703125 0.0484375 0.0625
0 0.4953125 0.21875 0.0578125 0.053125