2 0.75390625 0.14765625 0.43984375 0.17578125
2 0.89765625 0.3765625 0.15625 0.2671875
2 0.9171875 0.5875 0.0890625 0.12734375
2 0.9015625 0.7671875 0.14921875 0.21171875
2 0.75390625 0.7640625 0.15625 0.21640625
2 0.60703125 0.91484375 0.1515625 0.103125
2 0.6046875 0.75390625 0.165625 0.228125
2 0.65390625 0.7125 0.0484375 0.11796875
2 0.66015625 0.82109375 0.05546875 0.07421875
2 0.6984375 0.4484375 0.38671875 0.44921875
2 0.4109375 0.40625 0.178125 0.34140625
2 0.42890625 0.50703125 0.103125 0.1390625
2 0.4125 0.72265625 0.1421875 0.2859375
2 0.271875 0.75703125 0.178125 0.240625
2 0.1890625 0.3734375 0.334375 0.31015625
2 0.24140625 0.584375 0.19921875 0.1203125
2 0.084375 0.578125 0.09140625 0.103125
2 0.05546875 0.6734375 0.03828125 0.0625
2 0.10546875 0.67578125 0.053125 0.0671875
2 0.115625 0.7546875 0.16328125 0.22109375
1 0.1203125 0.2390625 0.1390625 0.021875
1 0.271875 0.2328125 0.1203125 0.009375
1 0.41328125 0.23828125 0.10546875 0.0140625
1 0.5890625 0.23828125 0.10078125 0.04296875
1 0.74765625 0.23671875 0.14921875 0.021875
1 0.8953125 0.23828125 0.1421875 0.01953125
1 0.978125 0.3171875 0.02421875 0.10546875
1 0.97734375 0.4484375 0.0171875 0.11796875
1 0.97578125 0.5375 0.0046875 0.021875
1 0.97734375 0.77265625 0.01171875 0.18046875
1 0.89765625 0.87265625 0.12265625 0.03359375
1 0.75234375 0.87265625 0.125 0.0140625
1 0.5765625 0.86875 0.09140625 0.0359375
1 0.4109375 0.8703125 0.115625 0.03828125
1 0.27421875 0.87265625 0.115625 0.0140625
1 0.0625 0.8703125 0.03828125 0.01953125
0 0.66015625 0.890625 0.040625 0.06953125
0 0.6578125 0.80078125 0.040625 0.0625
0 0.80078125 0.68359375 0.04296875 0.06484375
0 0.84609375 0.6828125 0.02890625 0.053125
0 0.853125 0.6265625 0.0484375 0.05546875
0 0.8484375 0.5015625 0.03828125 0.06484375
0 0.6578125 0.21640625 0.0359375 0.0578125
0 0.3328125 0.2828125 0.040625 0.0453125
0 0.165625 0.5359375 0.03828125 0.0578125
0 0.15390625 0.553125 0.053125 0.0625
0 0.33203125 0.60546875 0.03828125 0.04296875
0 0.36796875 0.47265625 0.03828125 0.05078125
0 0.21640625 0.6625 0.03828125 0.05546875
0 0.1703125 0.66015625 0.04296875 0.06953125
0 0.14296875 0.6828125 0.03125 0.0484375
0 0.0578125 0.7203125 0.02890625 0.0453125