2 0.7546875 0.1453125 0.4515625 0.209375
2 0.9 0.3765625 0.19453125 0.2859375
2 0.91953125 0.5890625 0.0984375 0.1296875
2 0.90234375 0.76796875 0.1609375 0.21875
2 0.7546875 0.765625 0.16796875 0.21875
2 0.60703125 0.915625 0.146875 0.08671875
2 0.6046875 0.7546875 0.1703125 0.23046875
2 0.65390625 0.7140625 0.0671875 0.1203125
2 0.66015625 0.821875 0.05546875 0.071875
2 0.69921875 0.4484375 0.39453125 0.4546875
2 0.4109375 0.40625 0.1390625 0.34140625
2 0.428125 0.50625 0.09140625 0.13203125
2 0.4109375 0.7234375 0.1296875 0.28359375
2 0.2703125 0.75859375 0.1515625 0.228125
2 0.1875 0.3734375 0.3265625 0.30078125
2 0.240625 0.584375 0.21171875 0.1390625
2 0.08203125 0.578125 0.10546875 0.11796875
2 0.0515625 0.6734375 0.0359375 0.0625
2 0.103125 0.6765625 0.0484375 0.06484375
2 0.11171875 0.75625 0.1703125 0.228125
1 0.11796875 0.23828125 0.1390625 0.01953125
1 0.2703125 0.23203125 0.11796875 0.0359375
1 0.4109375 0.23671875 0.10546875 0.03125
1 0.5890625 0.23671875 0.10078125 0.0453125
1 0.7484375 0.2359375 0.1515625 0.0140625
1 0.89765625 0.23828125 0.1421875 0.03359375
1 0.98046875 0.31640625 0.02890625 0.103125
1 0.9796875 0.4484375 0.0171875 0.11796875
1 0.97734375 0.5375 0.00703125 0.021875
1 0.9796875 0.77421875 0.01171875 0.1828125
1 0.89921875 0.8734375 0.125 0.03125
1 0.75390625 0.875 0.12734375 0.02421875
1 0.5765625 0.8703125 0.09140625 0.02890625
1 0.40859375 0.87109375 0.1203125 0.021875
1 0.27265625 0.8734375 0.11328125 0.040625
1 0.05859375 0.87109375 0.0359375 0.0171875
0 0.6609375 0.89296875 0.04296875 0.06953125
0 0.6578125 0.8015625 0.0453125 0.06484375
0 0.8015625 0.68359375 0.040625 0.06484375
0 0.84765625 0.68359375 0.03125 0.05546875
0 0.8546875 0.62734375 0.040625 0.053125
0 0.85 0.5015625 0.0359375 0.06015625
0 0.6578125 0.21484375 0.040625 0.06015625
0 0.33203125 0.28125 0.0484375 0.053125
0 0.16484375 0.5359375 0.040625 0.0625
0 0.15 0.55390625 0.05078125 0.06015625
0 0.3296875 0.60546875 0.03828125 0.04296875
0 0.36796875 0.47265625 0.03828125 0.05078125
0 0.2140625 0.66328125 0.03828125 0.0578125
0 0.16796875 0.6609375 0.03828125 0.0671875
0 0.140625 0.6828125 0.0359375 0.0484375
0 0.05546875 0.7203125 0.02890625 0.0453125