2 0.75 0.1390625 0.4515625 0.20703125
2 0.896875 0.3703125 0.178125 0.28359375
2 0.915625 0.584375 0.09609375 0.1296875
2 0.89921875 0.765625 0.14921875 0.2140625
2 0.75 0.76328125 0.134375 0.2046875
2 0.60234375 0.915625 0.1515625 0.10078125
2 0.6 0.75234375 0.1609375 0.22578125
2 0.64921875 0.71171875 0.0671875 0.125
2 0.6546875 0.81953125 0.05546875 0.071875
2 0.69453125 0.44375 0.34140625 0.415625
2 0.4046875 0.4 0.18515625 0.3484375
2 0.421875 0.5015625 0.11328125 0.1421875
2 0.4046875 0.7203125 0.18046875 0.2953125
2 0.26328125 0.7546875 0.1515625 0.22578125
2 0.18046875 0.36875 0.33203125 0.30546875
2 0.2328125 0.58046875 0.196875 0.1078125
2 0.07421875 0.57421875 0.10078125 0.1109375
2 0.04453125 0.6703125 0.0359375 0.0625
2 0.0953125 0.6734375 0.06015625 0.071875
2 0.1046875 0.75234375 0.165625 0.22578125
1 0.1109375 0.23203125 0.14453125 0.021875
1 0.26328125 0.22578125 0.12265625 0.0140625
1 0.4046875 0.23046875 0.1078125 0.03359375
1 0.584375 0.23046875 0.10078125 0.0484375
1 0.7453125 0.2296875 0.15390625 0.00703125
1 0.89453125 0.23046875 0.14453125 0.02421875
1 0.97734375 0.3125 0.021875 0.10546875
1 0.97578125 0.44375 0.03359375 0.11328125
1 0.975 0.5328125 0.01171875 0.021875
1 0.97578125 0.771875 0.01953125 0.1828125
1 0.8953125 0.87109375 0.12734375 0.00703125
1 0.7484375 0.87109375 0.12265625 0.0359375
1 0.571875 0.86796875 0.09140625 0.01953125
1 0.40234375 0.8703125 0.12265625 0.02421875
1 0.265625 0.87109375 0.11796875 0.0359375
1 0.0515625 0.86875 0.0359375 0.0171875
0 0.65625 0.890625 0.03828125 0.06953125
0 0.65234375 0.79921875 0.0359375 0.06015625
0 0.796875 0.68125 0.0453125 0.06953125
0 0.84375 0.68046875 0.03828125 0.0578125
0 0.85078125 0.6234375 0.03828125 0.05078125
0 0.84609375 0.49609375 0.03828125 0.06015625
0 0.65234375 0.209375 0.0453125 0.0625
0 0.32421875 0.275 0.03828125 0.0453125
0 0.1578125 0.53125 0.040625 0.0625
0 0.14296875 0.54921875 0.0453125 0.06015625
0 0.3234375 0.60234375 0.040625 0.0453125
0 0.3609375 0.4671875 0.03359375 0.0453125
0 0.20703125 0.66015625 0.03828125 0.05546875
0 0.1609375 0.6578125 0.03828125 0.06484375
0 0.13359375 0.68046875 0.03125 0.0484375
0 0.046875 0.7171875 0.0265625 0.040625