2 0.30078125 0.15 0.41796875 0.209375
2 0.2953125 0.42421875 0.428125 0.43046875
2 0.41796875 0.54453125 0.16796875 0.1609375
2 0.2828125 0.80546875 0.38203125 0.384375
2 0.4015625 0.8640625 0.15390625 0.24296875
2 0.625 0.5484375 0.196875 0.15390625
2 0.77265625 0.55546875 0.1078125 0.125
2 0.8765625 0.53828125 0.1078125 0.14453125
2 0.72578125 0.45078125 0.1921875 0.146875
2 0.87734375 0.4265625 0.134375 0.09375
2 0.58515625 0.428125 0.11328125 0.09609375
2 0.6296875 0.3015625 0.20703125 0.17578125
2 0.82578125 0.30625 0.2234375 0.1703125
2 0.8234375 0.1890625 0.21875 0.1078125
1 0.19375 0.22578125 0.1609375 0.0484375
1 0.42578125 0.225 0.115625 0.0359375
1 0.09609375 0.3125 0.009375 0.071875
1 0.0984375 0.428125 0.02890625 0.0578125
1 0.16015625 0.6203125 0.0890625 0.02421875
1 0.6390625 0.61875 0.115625 0.03125
1 0.7875 0.62265625 0.0359375 0.0140625
1 0.86640625 0.625 0.084375 0.02421875
1 0.8640625 0.22578125 0.11796875 0.0140625
1 0.640625 0.22734375 0.146875 0.0265625
0 0.775 0.375 0.05546875 0.0484375
0 0.75390625 0.21171875 0.040625 0.053125
0 0.31015625 0.21171875 0.04296875 0.04296875
0 0.32109375 0.51328125 0.05546875 0.040625
0 0.36171875 0.44921875 0.06015625 0.04296875
0 0.33046875 0.5734375 0.05546875 0.040625
0 0.29921875 0.63671875 0.06953125 0.053125
0 0.36875 0.709375 0.06015625 0.04296875
0 0.615625 0.4546875 0.053125 0.0484375
0 0.7046875 0.49765625 0.03359375 0.04296875
0 0.7640625 0.50390625 0.04296875 0.0453125
0 0.83984375 0.49140625 0.06015625 0.040625
0 0.428125 0.55390625 0.0578125 0.0453125