2 0.303125 0.15625 0.4375 0.21171875
2 0.2984375 0.43984375 0.46640625 0.46171875
2 0.42578125 0.56484375 0.15859375 0.14921875
2 0.2828125 0.80390625 0.43984375 0.3921875
2 0.4046875 0.88203125 0.17578125 0.2359375
2 0.63828125 0.5671875 0.2140625 0.16796875
2 0.78984375 0.57421875 0.11328125 0.1296875
2 0.896875 0.5578125 0.125 0.16328125
2 0.74296875 0.4671875 0.1828125 0.12265625
2 0.89921875 0.4421875 0.1390625 0.09609375
2 0.59609375 0.44453125 0.1203125 0.10546875
2 0.64453125 0.3125 0.196875 0.15390625
2 0.8453125 0.3171875 0.24296875 0.2015625
2 0.8421875 0.196875 0.2234375 0.10546875
1 0.1921875 0.234375 0.1734375 0.0171875
1 0.4328125 0.234375 0.1203125 0.040625
1 0.09140625 0.32421875 0.01953125 0.0765625
1 0.09375 0.44375 0.02890625 0.06015625
1 0.1578125 0.64296875 0.0890625 0.0359375
1 0.65390625 0.6421875 0.1203125 0.03828125
1 0.80546875 0.64453125 0.03828125 0.0140625
1 0.88671875 0.646875 0.09140625 0.02890625
1 0.884375 0.234375 0.125 0.03125
1 0.65390625 0.23671875 0.14453125 0.05078125
0 0.79296875 0.38828125 0.0578125 0.05078125
0 0.7703125 0.22109375 0.0453125 0.0578125
0 0.3125 0.2203125 0.053125 0.05078125
0 0.3234375 0.5328125 0.06015625 0.040625
0 0.36640625 0.46640625 0.06015625 0.03828125
0 0.334375 0.59375 0.053125 0.03828125
0 0.3015625 0.66015625 0.07421875 0.05546875
0 0.3734375 0.734375 0.06484375 0.0453125
0 0.62734375 0.47109375 0.0578125 0.0484375
0 0.71875 0.5171875 0.03359375 0.0484375
0 0.7796875 0.52265625 0.0453125 0.0453125
0 0.8609375 0.509375 0.0625 0.03828125
0 0.43515625 0.57421875 0.0625 0.0484375