2 0.31640625 0.140625 0.42578125 0.228125
2 0.3125 0.41953125 0.4515625 0.4546875
2 0.4359375 0.54296875 0.1609375 0.15390625
2 0.2984375 0.80390625 0.39453125 0.3921875
2 0.41796875 0.86640625 0.1734375 0.25234375
2 0.646875 0.54453125 0.21171875 0.165625
2 0.7953125 0.5515625 0.09609375 0.12265625
2 0.9015625 0.5359375 0.1296875 0.16328125
2 0.7484375 0.446875 0.19453125 0.14453125
2 0.90234375 0.4234375 0.13203125 0.08671875
2 0.60546875 0.4234375 0.1109375 0.09609375
2 0.6515625 0.29453125 0.20703125 0.1703125
2 0.85078125 0.29921875 0.240625 0.19453125
2 0.8484375 0.18046875 0.21640625 0.071875
1 0.209375 0.2171875 0.16328125 0.05078125
1 0.44375 0.21640625 0.11796875 0.03359375
1 0.109375 0.30546875 0.0171875 0.071875
1 0.11171875 0.4234375 0.03125 0.0578125
1 0.17421875 0.61875 0.0890625 0.0359375
1 0.6609375 0.61796875 0.1203125 0.02421875
1 0.8109375 0.6203125 0.0359375 0.0140625
1 0.8921875 0.62265625 0.08671875 0.02421875
1 0.8890625 0.2171875 0.1203125 0.03125
1 0.6625 0.21875 0.146875 0.02421875
0 0.79921875 0.36875 0.06015625 0.05078125
0 0.7765625 0.203125 0.053125 0.06015625
0 0.3265625 0.203125 0.0484375 0.0453125
0 0.3375 0.509375 0.06015625 0.04296875
0 0.3796875 0.44453125 0.0578125 0.04296875
0 0.34765625 0.57109375 0.05546875 0.040625
0 0.3171875 0.6359375 0.071875 0.05546875
0 0.38671875 0.709375 0.0625 0.04296875
0 0.63671875 0.4515625 0.053125 0.04296875
0 0.72578125 0.49375 0.03359375 0.0453125
0 0.7859375 0.5 0.053125 0.053125
0 0.865625 0.48828125 0.0625 0.04296875
0 0.44609375 0.5515625 0.06015625 0.05078125