2 0.11796875 0.31875 0.178125 0.51171875
2 0.12265625 0.671875 0.10546875 0.165625
2 0.36328125 0.25390625 0.428125 0.415625
2 0.4671875 0.59375 0.2140625 0.321875
2 0.3140625 0.6 0.13671875 0.30546875
2 0.21640625 0.6421875 0.115625 0.22109375
2 0.21640625 0.47734375 0.08203125 0.0890625
2 0.6828125 0.25 0.22109375 0.3890625
2 0.68515625 0.4859375 0.196875 0.10546875
2 0.6828125 0.64453125 0.1921875 0.2015625
2 0.8109375 0.48671875 0.06015625 0.084375
2 0.87265625 0.59765625 0.1921875 0.31015625
2 0.8734375 0.2546875 0.18984375 0.3703125
1 0.9625 0.18359375 0.0453125 0.18984375
1 0.96640625 0.5640625 0.02890625 0.18515625
1 0.55390625 0.1734375 0.0359375 0.1828125
1 0.16953125 0.19921875 0.0453125 0.1828125
0 0.2765625 0.5953125 0.04296875 0.06484375
0 0.13125 0.5609375 0.05078125 0.09375
0 0.15234375 0.3546875 0.06015625 0.0890625
0 0.3890625 0.57578125 0.0671875 0.084375
0 0.39921875 0.7515625 0.071875 0.1609375
0 0.8109375 0.4109375 0.05078125 0.09140625
0 0.81015625 0.5734375 0.0484375 0.09375
0 0.790625 0.63828125 0.0484375 0.084375