2 0.10546875 0.3109375 0.15859375 0.51171875
2 0.1109375 0.6609375 0.10078125 0.16328125
2 0.3484375 0.24765625 0.39921875 0.3890625
2 0.4515625 0.584375 0.2015625 0.3171875
2 0.29921875 0.58984375 0.11328125 0.2953125
2 0.203125 0.63203125 0.11328125 0.22109375
2 0.2015625 0.46875 0.08671875 0.09140625
2 0.66484375 0.24375 0.19921875 0.37734375
2 0.6671875 0.47734375 0.2046875 0.13671875
2 0.66484375 0.63359375 0.2046875 0.2140625
2 0.7921875 0.478125 0.06484375 0.08203125
2 0.853125 0.5875 0.20703125 0.31484375
2 0.853125 0.25 0.1921875 0.3703125
1 0.94140625 0.18046875 0.05078125 0.1875
1 0.94609375 0.55390625 0.040625 0.17578125
1 0.5375 0.1671875 0.021875 0.18515625
1 0.1578125 0.19375 0.040625 0.18515625
0 0.26171875 0.58671875 0.053125 0.071875
0 0.11796875 0.5515625 0.053125 0.09375
0 0.1390625 0.3484375 0.0625 0.09140625
0 0.3734375 0.56640625 0.05546875 0.0796875
0 0.384375 0.740625 0.0625 0.15859375
0 0.7921875 0.40234375 0.05078125 0.09375
0 0.790625 0.5640625 0.053125 0.09375
0 0.771875 0.62890625 0.053125 0.0890625