2 0.70078125 0.13671875 0.4546875 0.21640625
2 0.709375 0.50859375 0.47109375 0.4640625
2 0.70078125 0.8140625 0.44921875 0.146875
2 0.2796875 0.72734375 0.36796875 0.334375
2 0.1703125 0.63359375 0.15859375 0.13671875
2 0.28359375 0.4109375 0.3703125 0.28359375
1 0.2984375 0.25703125 0.1828125 0.04296875
1 0.77421875 0.259375 0.2453125 0.02890625
0 0.58046875 0.21640625 0.11796875 0.1203125
0 0.4171875 0.50234375 0.12734375 0.09609375
0 0.32421875 0.7359375 0.115625 0.1109375
0 0.625 0.93359375 0.15859375 0.12265625
0 0.51953125 0.79296875 0.1296875 0.09140625