2 0.59140625 0.21171875 0.71171875 0.1734375
2 0.7671875 0.44609375 0.3890625 0.31953125
2 0.3421875 0.55078125 0.5171875 0.52421875
2 0.5953125 0.75 0.24765625 0.2984375
2 0.28828125 0.85546875 0.3796875 0.14453125
1 0.69609375 0.29453125 0.165625 0.03125
1 0.31640625 0.2953125 0.1609375 0.02421875
0 0.353125 0.95078125 0.16796875 0.0984375
0 0.4015625 0.82421875 0.134375 0.071875
0 0.6359375 0.51953125 0.13671875 0.0765625
0 0.53125 0.72109375 0.15390625 0.09609375
0 0.5015625 0.26171875 0.13203125 0.09609375