2 0.5890625 0.2328125 0.7015625 0.21640625
2 0.76171875 0.4625 0.3703125 0.30078125
2 0.34609375 0.56484375 0.5484375 0.553125
2 0.59375 0.7609375 0.27890625 0.31953125
2 0.29296875 0.8640625 0.3796875 0.2140625
1 0.69140625 0.31484375 0.1609375 0.03359375
1 0.31953125 0.3171875 0.15859375 0.01953125
0 0.3546875 0.953125 0.165625 0.09375
0 0.40390625 0.8328125 0.1296875 0.0796875
0 0.63203125 0.5359375 0.1296875 0.0671875
0 0.53125 0.7328125 0.14921875 0.08203125
0 0.5015625 0.28359375 0.13203125 0.10078125