2 0.478125 0.13125 0.34140625 0.0890625
2 0.2984375 0.49375 0.53828125 0.6515625
2 0.615625 0.49375 0.1390625 0.6078125
2 0.83515625 0.59609375 0.3296875 0.5
2 0.84140625 0.26171875 0.27890625 0.1875
2 0.44140625 0.89375 0.4578125 0.2125
0 0.459375 0.14765625 0.071875 0.0796875
0 0.61640625 0.15390625 0.09375 0.10078125
0 0.76171875 0.38359375 0.0625 0.0796875
0 0.31875 0.509375 0.0890625 0.0765625
0 0.1859375 0.60546875 0.0796875 0.0625
0 0.3765625 0.58671875 0.07421875 0.0671875
0 0.48671875 0.571875 0.05078125 0.053125
0 0.5953125 0.5203125 0.06484375 0.07421875
0 0.52421875 0.23203125 0.09140625 0.084375
0 0.5921875 0.65625 0.084375 0.08203125
0 0.26328125 0.84375 0.0890625 0.09140625
1 0.4375 0.8265625 0.115625 0.04296875
1 0.6109375 0.81640625 0.03828125 0.0171875
1 0.1421875 0.82421875 0.0765625 0.02890625
1 0.18046875 0.1734375 0.1875 0.03359375
1 0.359375 0.178125 0.0984375 0.02421875
1 0.83203125 0.16796875 0.0671875 0.02421875