2 0.49609375 0.1421875 0.3578125 0.10546875
2 0.3140625 0.51796875 0.62734375 0.7328125
2 0.63828125 0.51796875 0.2328125 0.63671875
2 0.85703125 0.625 0.2859375 0.5
2 0.8625 0.27421875 0.275 0.1984375
2 0.459375 0.91328125 0.47109375 0.1734375
0 0.47578125 0.16015625 0.0671875 0.0796875
0 0.6390625 0.165625 0.09609375 0.10078125
0 0.790625 0.40390625 0.071875 0.08671875
0 0.33046875 0.53515625 0.0890625 0.07421875
0 0.19453125 0.634375 0.0765625 0.0625
0 0.390625 0.6140625 0.07421875 0.06953125
0 0.50625 0.5984375 0.05078125 0.053125
0 0.61640625 0.546875 0.0796875 0.0890625
0 0.54296875 0.24609375 0.09609375 0.0890625
0 0.615625 0.6875 0.08671875 0.08203125
0 0.27421875 0.88203125 0.08671875 0.09140625
1 0.4546875 0.86328125 0.1203125 0.0578125
1 0.63203125 0.853125 0.03828125 0.01953125
1 0.146875 0.859375 0.08203125 0.03125
1 0.1859375 0.1859375 0.19453125 0.0359375
1 0.37265625 0.19140625 0.10078125 0.040625
1 0.86328125 0.18046875 0.071875 0.02890625