2 0.50859375 0.1515625 0.459375 0.303125
2 0.334375 0.5203125 0.60078125 0.44921875
2 0.79921875 0.51796875 0.36796875 0.43984375
2 0.8609375 0.82109375 0.2359375 0.19921875
2 0.578125 0.8265625 0.36328125 0.22109375
2 0.2203125 0.82421875 0.3484375 0.1828125
0 0.52890625 0.29921875 0.1828125 0.18984375
0 0.35078125 0.834375 0.115625 0.0765625
0 0.21171875 0.9171875 0.1296875 0.1609375
0 0.7046875 0.7703125 0.10546875 0.06953125
1 0.16796875 0.30078125 0.15859375 0.0484375
1 0.3921875 0.3015625 0.15859375 0.06484375
1 0.85546875 0.296875 0.16796875 0.05546875