2 0.5015625 0.15 0.4625 0.3
2 0.32578125 0.5265625 0.5984375 0.4375
2 0.796875 0.52421875 0.3578125 0.4375
2 0.8609375 0.83203125 0.22578125 0.1875
2 0.5734375 0.83671875 0.3578125 0.1921875
2 0.21015625 0.834375 0.36328125 0.21171875
0 0.52265625 0.3015625 0.18515625 0.18984375
0 0.34140625 0.8453125 0.125 0.0890625
0 0.19921875 0.921875 0.134375 0.15625
0 0.70078125 0.7796875 0.1078125 0.07421875
1 0.1578125 0.303125 0.15625 0.0578125
1 0.384375 0.30390625 0.15859375 0.0359375
1 0.8546875 0.29921875 0.1703125 0.06015625