2 0.5265625 0.146875 0.759375 0.29296875
2 0.5375 0.28359375 0.73828125 0.1390625
2 0.521875 0.49296875 0.7453125 0.3796875
2 0.2671875 0.6828125 0.21171875 0.16328125
2 0.2640625 0.8125 0.22109375 0.10546875
2 0.7296875 0.7453125 0.28125 0.22109375
2 0.4734375 0.8296875 0.1921875 0.0765625
2 0.47734375 0.71171875 0.19921875 0.1828125
0 0.54921875 0.37890625 0.11328125 0.0796875
0 0.421875 0.69921875 0.103125 0.0671875
0 0.4515625 0.76953125 0.09609375 0.071875
0 0.65 0.6609375 0.103125 0.08203125
0 0.30546875 0.74140625 0.09609375 0.07421875
0 0.44375 0.89453125 0.0984375 0.08203125
1 0.35703125 0.35078125 0.18515625 0.01953125
1 0.71015625 0.35078125 0.17578125 0.03828125
1 0.68984375 0.86796875 0.16796875 0.03359375
1 0.31875 0.8640625 0.06484375 0.03125
1 0.89453125 0.55078125 0.03828125 0.04296875