2 0.521875 0.14921875 0.759375 0.22109375
2 0.5328125 0.28515625 0.7234375 0.2140625
2 0.515625 0.49140625 0.7328125 0.3578125
2 0.265625 0.67890625 0.2234375 0.18515625
2 0.26328125 0.80625 0.2140625 0.09375
2 0.72109375 0.740625 0.29296875 0.240625
2 0.4703125 0.8234375 0.18984375 0.06484375
2 0.4734375 0.7078125 0.196875 0.17578125
0 0.54296875 0.3796875 0.1203125 0.09140625
0 0.41796875 0.69453125 0.10078125 0.0671875
0 0.446875 0.76328125 0.09609375 0.07421875
0 0.64296875 0.6578125 0.0984375 0.0796875
0 0.30390625 0.73671875 0.09375 0.06953125
0 0.43984375 0.88671875 0.09609375 0.08203125
1 0.353125 0.35078125 0.1828125 0.02421875
1 0.703125 0.35078125 0.1703125 0.03828125
1 0.6828125 0.86171875 0.16796875 0.06484375
1 0.31640625 0.8578125 0.06484375 0.03359375
1 0.884375 0.5484375 0.04296875 0.04296875