2 0.49296875 0.12890625 0.79296875 0.25703125
2 0.5046875 0.2546875 0.759375 0.259375
2 0.48671875 0.47109375 0.7765625 0.40859375
2 0.2234375 0.66953125 0.22578125 0.18046875
2 0.2203125 0.80390625 0.2234375 0.0984375
2 0.7046875 0.734375 0.3125 0.25703125
2 0.4390625 0.821875 0.19921875 0.08671875
2 0.4421875 0.69921875 0.1875 0.15859375
0 0.5171875 0.353125 0.1203125 0.09140625
0 0.384375 0.68515625 0.1109375 0.071875
0 0.41484375 0.759375 0.0984375 0.071875
0 0.62109375 0.646875 0.0984375 0.0765625
0 0.26328125 0.73046875 0.0984375 0.071875
0 0.40625 0.88828125 0.10546875 0.0890625
1 0.3171875 0.32421875 0.1921875 0.02890625
1 0.68359375 0.32421875 0.18046875 0.02421875
1 0.66328125 0.86171875 0.178125 0.05546875
1 0.2765625 0.8578125 0.0671875 0.02421875
1 0.875 0.5328125 0.0484375 0.05078125