2 0.1640625 0.13671875 0.190625 0.2734375
2 0.34921875 0.3265625 0.1953125 0.653125
2 0.5109375 0.19921875 0.146875 0.3984375
2 0.4015625 0.740625 0.09140625 0.15859375
2 0.3078125 0.7390625 0.10546875 0.1515625
2 0.16796875 0.5421875 0.2359375 0.53125
2 0.178125 0.8953125 0.20703125 0.15625
2 0.0359375 0.75625 0.071875 0.415625
2 0.71015625 0.13828125 0.2234375 0.2765625
2 0.89375 0.19453125 0.2125 0.3890625
2 0.8953125 0.59375 0.209375 0.4328125
2 0.71171875 0.4203125 0.23046875 0.303125
2 0.71171875 0.6859375 0.1875 0.23828125
1 0.07421875 0.125 0.01953125 0.0765625
1 0.4484375 0.1203125 0.03125 0.16328125
1 0.44609375 0.49296875 0.040625 0.16328125
1 0.4484375 0.69609375 0.00703125 0.05078125
1 0.3015625 0.81875 0.0265625 0.0171875
1 0.13203125 0.8171875 0.04296875 0.02890625
1 0.671875 0.81484375 0.0359375 0.02421875
1 0.86171875 0.8140625 0.040625 0.0171875
1 0.99296875 0.63359375 0.0140625 0.06015625
1 0.99375 0.49765625 0.01171875 0.0671875
1 0.99296875 0.31015625 0.0140625 0.0484375
1 0.984375 0.16015625 0.03125 0.165625
1 0.62109375 0.1265625 0.0265625 0.0796875
1 0.62265625 0.3296875 0.02890625 0.071875
1 0.6203125 0.6453125 0.01953125 0.084375
0 0.2328125 0.25 0.0625 0.10546875
0 0.4640625 0.2515625 0.0578125 0.084375
0 0.33984375 0.7765625 0.05546875 0.0671875
0 0.23828125 0.7671875 0.0625 0.08203125
0 0.19921875 0.37109375 0.04296875 0.07421875
0 0.2171875 0.84609375 0.05546875 0.10546875
0 0.178125 0.54921875 0.053125 0.07421875
0 0.0890625 0.9015625 0.0625 0.0765625
0 0.78125 0.25 0.0484375 0.09609375
0 0.8234375 0.33984375 0.06484375 0.0796875
0 0.8234375 0.4984375 0.05546875 0.084375
0 0.74375 0.4515625 0.0453125 0.071875
0 0.7828125 0.5921875 0.05546875 0.09375