2 0.20078125 0.15234375 0.18046875 0.2765625
2 0.3796875 0.33515625 0.1875 0.6515625
2 0.53359375 0.209375 0.196875 0.40390625
2 0.4265625 0.740625 0.09375 0.15390625
2 0.33671875 0.74140625 0.09609375 0.1421875
2 0.203125 0.55078125 0.24765625 0.5140625
2 0.21171875 0.8921875 0.2015625 0.15390625
2 0.06484375 0.75859375 0.09140625 0.4015625
2 0.72578125 0.14765625 0.1828125 0.2765625
2 0.9015625 0.2046875 0.196875 0.39453125
2 0.89296875 0.5984375 0.2140625 0.41796875
2 0.72578125 0.43359375 0.2015625 0.2859375
2 0.72578125 0.68984375 0.1875 0.2359375
1 0.11328125 0.14921875 0.01953125 0.0765625
1 0.47265625 0.14453125 0.021875 0.15859375
1 0.47109375 0.50390625 0.03359375 0.15625
1 0.47109375 0.69921875 0.009375 0.0484375
1 0.33046875 0.8171875 0.0265625 0.01953125
1 0.16796875 0.81640625 0.03828125 0.0265625
1 0.0171875 0.8640625 0.0140625 0.05546875
1 0.6875 0.8140625 0.03828125 0.0265625
1 0.8703125 0.8125 0.03828125 0.01953125
1 0.99609375 0.63828125 0.00703125 0.06015625
1 0.99296875 0.50703125 0.0140625 0.0625
1 0.99375 0.3265625 0.01171875 0.04296875
1 0.99296875 0.1828125 0.0140625 0.16328125
1 0.6390625 0.1515625 0.01953125 0.0765625
1 0.6390625 0.3453125 0.009375 0.06953125
1 0.63671875 0.65 0.02421875 0.0796875
0 0.2671875 0.26953125 0.0578125 0.10078125
0 0.48828125 0.2703125 0.0625 0.084375
0 0.36796875 0.7765625 0.053125 0.0671875
0 0.2703125 0.7671875 0.06015625 0.0765625
0 0.23203125 0.3859375 0.05078125 0.0796875
0 0.25 0.84375 0.04296875 0.10078125
0 0.21171875 0.5578125 0.0578125 0.0765625
0 0.1265625 0.896875 0.06015625 0.071875
0 0.7921875 0.26953125 0.05078125 0.09609375
0 0.834375 0.35546875 0.0625 0.08203125
0 0.834375 0.509375 0.053125 0.08203125
0 0.75703125 0.4640625 0.053125 0.071875
0 0.7953125 0.6 0.0671875 0.09375