2 0.521875 0.296875 0.6390625 0.59375
2 0.740625 0.259375 0.10546875 0.22109375
2 0.740625 0.071875 0.115625 0.134375
0 0.25 0.73203125 0.16328125 0.3578125
0 0.50625 0.73203125 0.3921875 0.36328125
1 0.240625 0.32578125 0.053125 0.28125
1 0.56953125 0.00859375 0.1109375 0.0171875
1 0.21484375 0.915625 0.03125 0.0140625
1 0.21640625 0.55546875 0.02890625 0.0140625
0 0.6109375 0.5921875 0.071875 0.1078125
0 0.73203125 0.58984375 0.084375 0.11796875
0 0.3125 0.634375 0.16328125 0.10546875
0 0.725 0.41328125 0.06484375 0.10078125
0 0.71171875 0.1734375 0.0578125 0.0765625
0 0.74375 0.14921875 0.0265625 0.02890625