2 0.54921875 0.30390625 0.63671875 0.6078125
2 0.7703125 0.27421875 0.103125 0.22578125
2 0.7703125 0.08515625 0.12734375 0.146875
0 0.27734375 0.75 0.1703125 0.365625
0 0.53515625 0.7484375 0.3921875 0.36328125
1 0.26796875 0.33984375 0.0265625 0.2859375
1 0.60078125 0.0171875 0.1109375 0.02890625
1 0.24296875 0.93515625 0.02890625 0.01953125
1 0.24375 0.571875 0.03125 0.01953125
0 0.6390625 0.609375 0.0765625 0.1078125
0 0.76171875 0.60703125 0.0765625 0.11328125
0 0.34140625 0.6515625 0.16796875 0.1203125
0 0.7546875 0.428125 0.0671875 0.10078125
0 0.74296875 0.18515625 0.0484375 0.071875
0 0.77421875 0.16328125 0.02421875 0.02890625