2 0.3015625 0.06640625 0.540625 0.13203125
2 0.490625 0.25625 0.91328125 0.43984375
2 0.68984375 0.571875 0.58203125 0.45703125
2 0.7703125 0.6265625 0.38203125 0.31953125
2 0.49140625 0.84921875 0.9640625 0.3015625
2 0.2234375 0.66484375 0.40859375 0.25234375
2 0.22265625 0.44609375 0.43046875 0.290625
1 0.7765625 0.77421875 0.178125 0.02421875
1 0.2296875 0.77734375 0.19921875 0.0359375
1 0.2921875 0.125 0.21875 0.0484375
1 0.703125 0.11328125 0.2140625 0.03359375
0 0.50859375 0.0953125 0.13203125 0.084375
0 0.4859375 0.4234375 0.134375 0.08203125
0 0.228125 0.421875 0.20703125 0.07421875
0 0.38671875 0.6 0.14453125 0.0796875
0 0.63671875 0.6109375 0.1109375 0.1875
0 0.51328125 0.66328125 0.11796875 0.08671875
0 0.52265625 0.80859375 0.12265625 0.1078125