2 0.3125 0.08515625 0.52421875 0.1703125
2 0.49296875 0.27890625 0.8890625 0.3703125
2 0.68515625 0.5828125 0.54296875 0.4109375
2 0.76171875 0.6359375 0.3703125 0.31015625
2 0.49375 0.86875 0.93515625 0.26171875
2 0.2359375 0.6734375 0.39921875 0.259375
2 0.234375 0.4625 0.4109375 0.271875
1 0.76953125 0.77734375 0.1734375 0.03125
1 0.24140625 0.78125 0.19453125 0.0578125
1 0.303125 0.15234375 0.21171875 0.021875
1 0.69921875 0.140625 0.20703125 0.03125
0 0.5109375 0.1234375 0.12265625 0.07421875
0 0.48828125 0.43984375 0.1296875 0.08203125
0 0.240625 0.4390625 0.20703125 0.103125
0 0.3921875 0.609375 0.1390625 0.06953125
0 0.63203125 0.6203125 0.1109375 0.1828125
0 0.5140625 0.671875 0.115625 0.0796875
0 0.52421875 0.8109375 0.1109375 0.0890625