2 0.3140625 0.078125 0.5265625 0.15625
2 0.49609375 0.28515625 0.8921875 0.4015625
2 0.68984375 0.58984375 0.571875 0.4640625
2 0.76796875 0.64453125 0.36328125 0.28828125
2 0.49765625 0.8546875 0.9375 0.290625
2 0.23828125 0.68046875 0.39453125 0.2359375
2 0.23671875 0.46875 0.4015625 0.2453125
1 0.77421875 0.7859375 0.1734375 0.02421875
1 0.24296875 0.78984375 0.196875 0.03125
1 0.30390625 0.1578125 0.209375 0.05078125
1 0.703125 0.146875 0.209375 0.03359375
0 0.5140625 0.12890625 0.125 0.0796875
0 0.49140625 0.44609375 0.13203125 0.07421875
0 0.24140625 0.446875 0.2046875 0.10546875
0 0.39453125 0.61640625 0.134375 0.06953125
0 0.63671875 0.62734375 0.10078125 0.178125
0 0.51796875 0.67890625 0.11328125 0.06953125
0 0.52734375 0.81953125 0.12265625 0.10078125