2 0.49296875 0.16953125 0.27890625 0.18984375
2 0.490625 0.4421875 0.3125 0.375
2 0.5671875 0.64296875 0.15859375 0.25703125
2 0.42890625 0.7515625 0.1609375 0.271875
2 0.56953125 0.82421875 0.1296875 0.125
2 0.55625 0.94609375 0.103125 0.1078125
2 0.16484375 0.38671875 0.2765625 0.240625
2 0.1609375 0.578125 0.28359375 0.13671875
2 0.0625 0.696875 0.10078125 0.1203125
2 0.0640625 0.821875 0.09375 0.125
2 0.146875 0.82421875 0.08203125 0.115625
2 0.17421875 0.70078125 0.12734375 0.11328125
2 0.24140625 0.76328125 0.11796875 0.23828125
2 0.8421875 0.38671875 0.31484375 0.27421875
2 0.7671875 0.57421875 0.125 0.1203125
2 0.9046875 0.5734375 0.146875 0.13671875
2 0.91953125 0.7671875 0.13671875 0.2453125
2 0.78515625 0.765625 0.1703125 0.25703125
1 0.915625 0.89453125 0.071875 0.0140625
1 0.771875 0.89296875 0.071875 0.03125
1 0.7796875 0.26953125 0.103125 0.02890625
1 0.928125 0.26953125 0.053125 0.02890625
1 0.43359375 0.271875 0.0984375 0.03359375
1 0.5796875 0.271875 0.03828125 0.02421875
1 0.41796875 0.8953125 0.071875 0.0359375
1 0.55546875 0.8921875 0.071875 0.01953125
1 0.23046875 0.8953125 0.071875 0.0171875
1 0.0765625 0.89453125 0.0484375 0.0140625
0 0.2671875 0.49609375 0.053125 0.0796875
0 0.07109375 0.73828125 0.0453125 0.0578125
0 0.125 0.6734375 0.053125 0.0625