2 0.196875 0.3796875 0.27890625 0.47578125
2 0.1078125 0.7515625 0.1296875 0.2328125
2 0.19921875 0.75 0.10078125 0.2359375
2 0.290625 0.7515625 0.10078125 0.2328125
2 0.50390625 0.0765625 0.28125 0.134375
2 0.50703125 0.50390625 0.39453125 0.74296875
2 0.56484375 0.73828125 0.14921875 0.240625
2 0.39453125 0.59375 0.0578125 0.0765625
2 0.39453125 0.803125 0.0671875 0.1203125
2 0.4546875 0.80078125 0.071875 0.1109375
2 0.4546875 0.91328125 0.0765625 0.08671875
2 0.81640625 0.07421875 0.2828125 0.1484375
2 0.81953125 0.26171875 0.321875 0.303125
2 0.7671875 0.50234375 0.196875 0.21640625
2 0.74140625 0.7015625 0.18046875 0.321875
2 0.88359375 0.7359375 0.18984375 0.259375
2 0.9078125 0.55078125 0.09375 0.1109375
2 0.90859375 0.446875 0.10546875 0.10078125
1 0.10234375 0.140625 0.05078125 0.0171875
1 0.15859375 0.13828125 0.0484375 0.0171875
1 0.228125 0.13671875 0.053125 0.02421875
1 0.28359375 0.1390625 0.053125 0.01953125
1 0.42421875 0.13671875 0.06015625 0.02421875
1 0.53828125 0.134375 0.053125 0.02421875
1 0.59375 0.134375 0.053125 0.01953125
1 0.73203125 0.134375 0.06484375 0.0140625
1 0.84609375 0.1296875 0.053125 0.01953125
1 0.90390625 0.13125 0.0484375 0.0171875
1 0.39453125 0.86796875 0.03359375 0.0140625
1 0.55859375 0.86796875 0.0171875 0.0140625
1 0.58671875 0.8703125 0.03828125 0.01953125
1 0.74765625 0.865625 0.0625 0.0140625
1 0.78828125 0.865625 0.02421875 0.01953125
1 0.8328125 0.865625 0.0171875 0.009375
1 0.8734375 0.8640625 0.06015625 0.01171875
0 0.04453125 0.6 0.040625 0.06015625
0 0.1109375 0.60703125 0.053125 0.06484375
0 0.21015625 0.6078125 0.03125 0.0625
0 0.26328125 0.609375 0.03125 0.05546875
0 0.228125 0.74375 0.0484375 0.05546875
0 0.4078125 0.7234375 0.0359375 0.0578125
0 0.43515625 0.75234375 0.01953125 0.02421875
0 0.46171875 0.7703125 0.03828125 0.05546875
0 0.4515625 0.89296875 0.053125 0.07421875
0 0.47734375 0.1625 0.05078125 0.07421875
0 0.78828125 0.1625 0.0578125 0.0796875
0 0.83515625 0.37109375 0.0453125 0.0796875
0 0.84609375 0.52265625 0.03828125 0.05546875
0 0.8703125 0.46875 0.04296875 0.053125
0 0.790625 0.571875 0.053125 0.0578125
0 0.8328125 0.634375 0.05546875 0.071875
0 0.4375 0.603125 0.053125 0.053125