2 0.1890625 0.37265625 0.30546875 0.5
2 0.09765625 0.7484375 0.12265625 0.23828125
2 0.1921875 0.74765625 0.08203125 0.2359375
2 0.28359375 0.7484375 0.115625 0.23828125
2 0.4984375 0.06640625 0.2859375 0.13203125
2 0.50234375 0.49609375 0.3171875 0.74296875
2 0.5609375 0.7359375 0.18046875 0.259375
2 0.38828125 0.5890625 0.06484375 0.08203125
2 0.3890625 0.8015625 0.053125 0.11328125
2 0.44921875 0.79921875 0.0671875 0.11328125
2 0.4484375 0.91484375 0.0796875 0.0890625
2 0.81875 0.0640625 0.290625 0.12734375
2 0.82109375 0.25234375 0.31953125 0.303125
2 0.76796875 0.49609375 0.18984375 0.209375
2 0.740625 0.69921875 0.14921875 0.321875
2 0.8859375 0.7328125 0.1703125 0.2546875
2 0.91015625 0.54453125 0.103125 0.11796875
2 0.9109375 0.44140625 0.10078125 0.09375
1 0.09140625 0.12890625 0.053125 0.0171875
1 0.14921875 0.1265625 0.0484375 0.021875
1 0.21875 0.125 0.053125 0.01953125
1 0.2765625 0.12734375 0.053125 0.02890625
1 0.41796875 0.1234375 0.0625 0.01171875
1 0.53515625 0.12265625 0.05546875 0.02890625
1 0.58984375 0.12109375 0.05546875 0.0265625
1 0.73203125 0.12109375 0.06484375 0.0171875
1 0.8484375 0.11640625 0.053125 0.01171875
1 0.90625 0.11875 0.053125 0.01171875
1 0.38671875 0.86640625 0.03359375 0.0171875
1 0.55546875 0.86796875 0.0140625 0.0140625
1 0.5828125 0.8703125 0.040625 0.0140625
1 0.74609375 0.865625 0.06484375 0.0140625
1 0.78984375 0.8640625 0.0265625 0.0171875
1 0.834375 0.865625 0.01953125 0.0140625
1 0.87734375 0.8640625 0.0625 0.021875
0 0.0328125 0.59609375 0.05078125 0.0671875
0 0.1 0.60234375 0.0453125 0.06484375
0 0.2015625 0.6046875 0.03828125 0.06484375
0 0.25703125 0.60546875 0.03828125 0.0578125
0 0.2203125 0.74140625 0.040625 0.05078125
0 0.4015625 0.72109375 0.04296875 0.0625
0 0.42890625 0.75 0.0171875 0.02421875
0 0.45703125 0.76953125 0.04296875 0.0578125
0 0.446875 0.89453125 0.053125 0.0765625
0 0.4734375 0.1515625 0.0484375 0.0765625
0 0.78828125 0.15 0.0484375 0.0796875
0 0.83671875 0.36328125 0.0484375 0.08203125
0 0.84765625 0.5171875 0.040625 0.0578125
0 0.87109375 0.46171875 0.0453125 0.0578125
0 0.7921875 0.5671875 0.05078125 0.0578125
0 0.834375 0.6296875 0.053125 0.071875
0 0.4328125 0.5984375 0.053125 0.0484375