2 0.1734375 0.4 0.29296875 0.49296875
2 0.08203125 0.77890625 0.1109375 0.2359375
2 0.17578125 0.77890625 0.1296875 0.240625
2 0.26953125 0.77890625 0.115625 0.240625
2 0.48671875 0.0890625 0.290625 0.14921875
2 0.4890625 0.525 0.28125 0.73828125
2 0.5484375 0.765625 0.1828125 0.26171875
2 0.3734375 0.61796875 0.07421875 0.09140625
2 0.375 0.83203125 0.0625 0.1203125
2 0.43515625 0.8296875 0.0578125 0.1109375
2 0.43515625 0.94453125 0.0765625 0.08203125
2 0.8078125 0.0875 0.28828125 0.11328125
2 0.80859375 0.27890625 0.3296875 0.3125
2 0.75625 0.52421875 0.2046875 0.22109375
2 0.728125 0.728125 0.1875 0.3265625
2 0.875 0.76328125 0.16328125 0.25234375
2 0.89921875 0.5734375 0.09609375 0.11328125
2 0.89921875 0.46875 0.10546875 0.10078125
1 0.0765625 0.1546875 0.053125 0.01171875
1 0.13359375 0.15390625 0.05078125 0.02421875
1 0.2046875 0.1515625 0.053125 0.01953125
1 0.26171875 0.15390625 0.053125 0.01953125
1 0.4046875 0.1515625 0.06015625 0.01953125
1 0.521875 0.14921875 0.053125 0.02421875
1 0.578125 0.14765625 0.05546875 0.03125
1 0.72109375 0.14765625 0.0671875 0.021875
1 0.83671875 0.14296875 0.053125 0.01171875
1 0.8953125 0.1453125 0.05078125 0.01171875
1 0.37265625 0.89921875 0.03359375 0.0140625
1 0.5421875 0.89921875 0.0171875 0.0140625
1 0.57109375 0.9015625 0.040625 0.01953125
1 0.734375 0.8953125 0.06484375 0.0171875
1 0.77734375 0.8953125 0.0265625 0.021875
1 0.8234375 0.896875 0.0171875 0.0140625
1 0.865625 0.89453125 0.0625 0.0140625
0 0.0203125 0.6234375 0.040625 0.06484375
0 0.084375 0.63125 0.0484375 0.06484375
0 0.1875 0.63359375 0.03828125 0.06484375
0 0.24140625 0.634375 0.0359375 0.0578125
0 0.20546875 0.771875 0.05078125 0.0578125
0 0.38671875 0.75 0.03828125 0.0578125
0 0.415625 0.7796875 0.0140625 0.0265625
0 0.44375 0.7984375 0.040625 0.053125
0 0.43515625 0.92421875 0.053125 0.07421875
0 0.459375 0.178125 0.053125 0.0765625
0 0.77734375 0.1765625 0.05546875 0.084375
0 0.82421875 0.390625 0.0578125 0.084375
0 0.83671875 0.5453125 0.0484375 0.0578125
0 0.8609375 0.490625 0.0484375 0.0578125
0 0.7796875 0.59609375 0.05546875 0.0625
0 0.821875 0.66015625 0.0578125 0.07421875
0 0.41953125 0.62734375 0.05078125 0.0484375