2 0.1765625 0.53984375 0.146875 0.31484375
2 0.2703125 0.5375 0.11796875 0.30078125
2 0.33984375 0.5203125 0.0890625 0.290625
2 0.4390625 0.51796875 0.1421875 0.290625
2 0.5578125 0.52421875 0.1390625 0.2984375
2 0.65859375 0.52734375 0.1390625 0.2859375
2 0.07578125 0.21875 0.1515625 0.3171875
2 0.16953125 0.22265625 0.146875 0.30078125
2 0.4640625 0.2234375 0.5046875 0.3171875
2 0.8375 0.45703125 0.32421875 0.77421875
2 0.78828125 0.4859375 0.1828125 0.26953125
2 0.78125 0.7203125 0.14453125 0.18046875
1 0.0140625 0.23203125 0.028125 0.2703125
1 0.0609375 0.06015625 0.0265625 0.02890625
1 0.10546875 0.0578125 0.02890625 0.02890625
1 0.14921875 0.05546875 0.02890625 0.03359375
1 0.19140625 0.06015625 0.0359375 0.04296875
1 0.234375 0.0625 0.0359375 0.03828125
1 0.2765625 0.06015625 0.02890625 0.03359375
1 0.34375 0.0578125 0.03828125 0.03828125
1 0.3890625 0.05546875 0.03828125 0.03828125
1 0.4375 0.06015625 0.02890625 0.02890625
1 0.4859375 0.05859375 0.02890625 0.03125
1 0.5328125 0.05859375 0.03125 0.03125
1 0.5828125 0.0578125 0.0359375 0.03828125
1 0.62890625 0.05859375 0.0265625 0.03125
1 0.678125 0.06015625 0.02890625 0.02421875
1 0.74375 0.06953125 0.03125 0.02890625
1 0.7859375 0.07109375 0.03359375 0.03125
1 0.8296875 0.07109375 0.02890625 0.040625
1 0.87109375 0.071875 0.03125 0.03359375
1 0.915625 0.07421875 0.03828125 0.03828125
1 0.9578125 0.07109375 0.03125 0.0265625
1 0.9875 0.16015625 0.025 0.0671875
1 0.98984375 0.2734375 0.0203125 0.0625
1 0.9875 0.38203125 0.025 0.0765625
1 0.9890625 0.484375 0.021875 0.06484375
1 0.9875 0.596875 0.025 0.06875
1 0.99140625 0.709375 0.0171875 0.0625
1 0.98984375 0.809375 0.0203125 0.0625
1 0.7125 0.75703125 0.0171875 0.071875
1 0.67578125 0.6828125 0.03359375 0.03359375
1 0.62890625 0.67890625 0.0265625 0.03125
1 0.5796875 0.678125 0.02421875 0.02421875
1 0.53125 0.6765625 0.03359375 0.03125
1 0.43984375 0.6734375 0.02890625 0.02890625
1 0.3890625 0.67578125 0.02890625 0.02421875
1 0.33984375 0.67890625 0.0359375 0.03125
1 0.2859375 0.70546875 0.03359375 0.040625
0 0.12890625 0.4171875 0.0265625 0.040625
0 0.1453125 0.39296875 0.0265625 0.040625
0 0.20546875 0.32109375 0.040625 0.0984375
0 0.240625 0.4234375 0.02421875 0.0578125
0 0.3234375 0.36796875 0.0171875 0.04296875
0 0.3109375 0.20078125 0.0171875 0.0453125
0 0.36328125 0.4203125 0.02421875 0.053125
0 0.33046875 0.428125 0.0171875 0.03828125
0 0.50390625 0.4171875 0.0265625 0.040625
0 0.60078125 0.4171875 0.02421875 0.05546875
0 0.484375 0.665625 0.0359375 0.0484375
0 0.83046875 0.7953125 0.0359375 0.053125
0 0.83046875 0.640625 0.03125 0.06484375
0 0.728125 0.3421875 0.03359375 0.040625
0 0.67890625 0.29921875 0.03125 0.040625