2 0.15859375 0.51328125 0.15390625 0.31484375
2 0.25234375 0.509375 0.071875 0.303125
2 0.321875 0.49375 0.10078125 0.290625
2 0.4203125 0.49140625 0.1296875 0.2859375
2 0.540625 0.49609375 0.10546875 0.2953125
2 0.640625 0.5015625 0.146875 0.2859375
2 0.06015625 0.1921875 0.1203125 0.3125
2 0.1515625 0.19609375 0.1390625 0.30078125
2 0.446875 0.196875 0.5140625 0.3265625
2 0.81484375 0.43046875 0.3703125 0.77421875
2 0.7703125 0.459375 0.1609375 0.259375
2 0.76171875 0.6921875 0.14921875 0.1828125
1 0.01328125 0.2046875 0.0265625 0.2640625
1 0.04296875 0.0328125 0.02890625 0.03125
1 0.0875 0.03125 0.03125 0.02421875
1 0.1296875 0.02890625 0.03359375 0.03359375
1 0.1734375 0.03359375 0.02890625 0.03828125
1 0.21640625 0.03515625 0.03359375 0.0359375
1 0.25703125 0.03359375 0.02890625 0.03359375
1 0.32578125 0.03125 0.0359375 0.03828125
1 0.37109375 0.02890625 0.040625 0.03828125
1 0.41953125 0.03359375 0.0359375 0.03359375
1 0.4671875 0.03125 0.0265625 0.03359375
1 0.515625 0.03125 0.03125 0.03359375
1 0.56484375 0.03125 0.03359375 0.03828125
1 0.6109375 0.0328125 0.03359375 0.0359375
1 0.66015625 0.0328125 0.0265625 0.0265625
1 0.72578125 0.04296875 0.02890625 0.02890625
1 0.76796875 0.04453125 0.03125 0.0265625
1 0.8109375 0.04296875 0.0359375 0.04296875
1 0.853125 0.0453125 0.03359375 0.03359375
1 0.89765625 0.0484375 0.0359375 0.03359375
1 0.93984375 0.04453125 0.02890625 0.0265625
1 0.9734375 0.13671875 0.01953125 0.0671875
1 0.975 0.24765625 0.0171875 0.0625
1 0.9734375 0.35703125 0.02421875 0.0796875
1 0.97265625 0.459375 0.0171875 0.0625
1 0.97265625 0.571875 0.0171875 0.071875
1 0.97578125 0.68359375 0.01953125 0.06015625
1 0.9734375 0.78359375 0.02421875 0.0625
1 0.69453125 0.73046875 0.0140625 0.071875
1 0.6578125 0.6546875 0.0265625 0.03125
1 0.6109375 0.65390625 0.02890625 0.02890625
1 0.5625 0.65 0.02890625 0.0265625
1 0.51328125 0.65 0.03125 0.03125
1 0.4203125 0.646875 0.02890625 0.02421875
1 0.37109375 0.64765625 0.03125 0.021875
1 0.321875 0.65234375 0.02890625 0.03125
1 0.2671875 0.678125 0.03359375 0.03828125
0 0.1109375 0.3921875 0.02890625 0.04296875
0 0.12734375 0.36640625 0.02421875 0.040625
0 0.1875 0.2953125 0.04296875 0.09609375
0 0.22265625 0.396875 0.03125 0.053125
0 0.30546875 0.33984375 0.0140625 0.040625
0 0.29296875 0.17421875 0.02421875 0.0453125
0 0.34609375 0.39296875 0.02890625 0.05078125
0 0.3125 0.4015625 0.02421875 0.03828125
0 0.4859375 0.390625 0.01953125 0.040625
0 0.58203125 0.3890625 0.01953125 0.0578125
0 0.46640625 0.63828125 0.03359375 0.040625
0 0.8125 0.7671875 0.02421875 0.053125
0 0.8125 0.61328125 0.02890625 0.0625
0 0.71015625 0.31640625 0.0359375 0.040625
0 0.6609375 0.271875 0.03359375 0.04296875