2 0.196875 0.53125 0.1390625 0.303125
2 0.2875 0.52734375 0.06953125 0.290625
2 0.353125 0.51171875 0.115625 0.27421875
2 0.4484375 0.509375 0.13203125 0.27421875
2 0.5609375 0.5140625 0.0984375 0.27890625
2 0.65859375 0.51953125 0.09609375 0.26953125
2 0.0875 0.225 0.15625 0.30078125
2 0.18984375 0.22578125 0.10546875 0.28828125
2 0.47265625 0.22734375 0.50703125 0.3484375
2 0.8234375 0.45078125 0.353125 0.74296875
2 0.7828125 0.478125 0.17578125 0.2546875
2 0.77421875 0.703125 0.1296875 0.165625
1 0.0359375 0.23671875 0.071875 0.25703125
1 0.08671875 0.06953125 0.02421875 0.02421875
1 0.12890625 0.06875 0.03125 0.03125
1 0.16953125 0.06640625 0.03125 0.03125
1 0.21015625 0.07109375 0.03125 0.040625
1 0.25234375 0.071875 0.03359375 0.03359375
1 0.290625 0.07109375 0.02421875 0.03125
1 0.35703125 0.06875 0.0359375 0.03125
1 0.4 0.06484375 0.0359375 0.03359375
1 0.44609375 0.07109375 0.03125 0.03125
1 0.49140625 0.06953125 0.0265625 0.02890625
1 0.53828125 0.06953125 0.02421875 0.02890625
1 0.58515625 0.06875 0.03125 0.0359375
1 0.6296875 0.06953125 0.02890625 0.02890625
1 0.678125 0.06953125 0.02890625 0.02890625
1 0.740625 0.0796875 0.02890625 0.02421875
1 0.78125 0.08203125 0.02890625 0.02421875
1 0.821875 0.08046875 0.02890625 0.040625
1 0.86328125 0.08203125 0.02421875 0.02890625
1 0.9046875 0.084375 0.0359375 0.03828125
1 0.94453125 0.08203125 0.02890625 0.02421875
1 0.978125 0.16796875 0.01953125 0.0671875
1 0.978125 0.2765625 0.0140625 0.0578125
1 0.978125 0.38125 0.02421875 0.07421875
1 0.97734375 0.478125 0.0171875 0.0625
1 0.97734375 0.58671875 0.0265625 0.0671875
1 0.9796875 0.69453125 0.021875 0.0578125
1 0.978125 0.78984375 0.02421875 0.06015625
1 0.71015625 0.740625 0.0171875 0.0671875
1 0.67421875 0.6671875 0.0265625 0.0265625
1 0.6296875 0.66328125 0.02421875 0.02890625
1 0.5828125 0.6625 0.0265625 0.0265625
1 0.5359375 0.6609375 0.02890625 0.02421875
1 0.446875 0.65859375 0.02890625 0.02421875
1 0.4 0.66015625 0.03125 0.021875
1 0.353125 0.66328125 0.03359375 0.03359375
1 0.30078125 0.6890625 0.03359375 0.040625
0 0.15 0.41328125 0.0265625 0.03828125
0 0.1671875 0.390625 0.021875 0.040625
0 0.2234375 0.321875 0.02421875 0.09140625
0 0.25703125 0.4203125 0.02421875 0.053125
0 0.3375 0.365625 0.0171875 0.03828125
0 0.32578125 0.20546875 0.021875 0.0453125
0 0.375 0.415625 0.01953125 0.053125
0 0.34375 0.4234375 0.02421875 0.03828125
0 0.509375 0.4125 0.02421875 0.040625
0 0.60234375 0.41328125 0.0171875 0.053125
0 0.49140625 0.6515625 0.03125 0.03828125
0 0.8234375 0.77421875 0.0265625 0.0484375
0 0.82421875 0.62734375 0.02890625 0.0625
0 0.725 0.34140625 0.03125 0.03828125
0 0.678125 0.29921875 0.03359375 0.040625