2 0.12109375 0.4390625 0.2140625 0.6703125
2 0.303125 0.25625 0.1921875 0.31953125
2 0.74609375 0.49140625 0.42578125 0.96875
2 0.4734375 0.44453125 0.26953125 0.696875
2 0.30625 0.603125 0.17578125 0.3609375
2 0.046875 0.81875 0.09375 0.18046875
0 0.0453125 0.66796875 0.0765625 0.1390625
0 0.2046875 0.615625 0.08203125 0.1734375
0 0.30546875 0.49140625 0.071875 0.17578125
0 0.34765625 0.8140625 0.13203125 0.3390625
0 0.63671875 0.3765625 0.09140625 0.17578125
1 0.01328125 0.2078125 0.0265625 0.1421875
1 0.01328125 0.60546875 0.0265625 0.20703125
1 0.9375 0.17421875 0.08203125 0.24765625
1 0.93984375 0.7609375 0.071875 0.24765625