2 0.1140625 0.43125 0.228125 0.68984375
2 0.2828125 0.24609375 0.18046875 0.31953125
2 0.728125 0.490625 0.4859375 0.98046875
2 0.4546875 0.4375 0.2359375 0.7015625
2 0.28515625 0.5984375 0.19921875 0.3703125
2 0.02890625 0.8171875 0.0578125 0.1828125
0 0.0296875 0.66171875 0.059375 0.1421875
0 0.1828125 0.6109375 0.10546875 0.1828125
0 0.28359375 0.4859375 0.08671875 0.178125
0 0.3265625 0.8109375 0.09140625 0.3484375
0 0.61875 0.36796875 0.0984375 0.1734375
1 0.9234375 0.16328125 0.02890625 0.2546875
1 0.92578125 0.75859375 0.0484375 0.25234375