2 0.1046875 0.2640625 0.209375 0.26953125
2 0.46484375 0.48203125 0.55546875 0.709375
2 0.41796875 0.703125 0.2015625 0.24765625
2 0.61875 0.70078125 0.2328125 0.2765625
2 0.2546875 0.91796875 0.16328125 0.14921875
2 0.1 0.76171875 0.19921875 0.15390625
2 0.10546875 0.6109375 0.2109375 0.19375
2 0.10234375 0.4625 0.19453125 0.12265625
0 0.23671875 0.3453125 0.084375 0.103125
0 0.23046875 0.490625 0.071875 0.0578125
0 0.234375 0.61171875 0.0890625 0.0890625
0 0.3421875 0.6203125 0.084375 0.08671875
0 0.5890625 0.615625 0.08671875 0.09609375
0 0.103125 0.6703125 0.071875 0.08203125
0 0.26796875 0.8765625 0.0890625 0.09375
0 0.28828125 0.0984375 0.0765625 0.09609375
1 0.103125 0.125 0.115625 0.03359375
1 0.5171875 0.1265625 0.2453125 0.0453125
1 0.7296875 0.2015625 0.0359375 0.0625
1 0.7296875 0.45703125 0.03125 0.1109375
1 0.5921875 0.8390625 0.1078125 0.0578125
1 0.40234375 0.8421875 0.11328125 0.040625
1 0.103125 0.8375 0.071875 0.05078125