2 0.125 0.25234375 0.21640625 0.26953125
2 0.4796875 0.4671875 0.61796875 0.74296875
2 0.43515625 0.68515625 0.22578125 0.2640625
2 0.63125 0.68125 0.19921875 0.24765625
2 0.271875 0.8953125 0.15859375 0.1421875
2 0.11796875 0.74375 0.1875 0.11328125
2 0.1203125 0.5953125 0.2015625 0.165625
2 0.12265625 0.446875 0.20703125 0.15859375
0 0.2546875 0.33203125 0.0765625 0.10546875
0 0.25 0.475 0.071875 0.05546875
0 0.25234375 0.59375 0.08203125 0.08203125
0 0.359375 0.603125 0.0890625 0.08671875
0 0.60234375 0.59765625 0.0890625 0.09375
0 0.125 0.6515625 0.0671875 0.0765625
0 0.2859375 0.8546875 0.08671875 0.09375
0 0.30546875 0.0875 0.08203125 0.0984375
1 0.125 0.115625 0.115625 0.03359375
1 0.5296875 0.11640625 0.23828125 0.05546875
1 0.740625 0.1921875 0.03828125 0.0625
1 0.740625 0.44140625 0.03359375 0.1078125
1 0.6046875 0.81875 0.1078125 0.05546875
1 0.41796875 0.821875 0.115625 0.053125
1 0.1234375 0.8171875 0.07421875 0.0484375