2 0.115625 0.22734375 0.22109375 0.2765625
2 0.4796875 0.44921875 0.55078125 0.70703125
2 0.4328125 0.671875 0.23046875 0.271875
2 0.634375 0.66796875 0.23046875 0.27421875
2 0.265625 0.88671875 0.15625 0.1390625
2 0.10703125 0.7328125 0.2046875 0.1390625
2 0.1109375 0.5796875 0.20703125 0.16796875
2 0.11328125 0.428125 0.21171875 0.15390625
0 0.2484375 0.30859375 0.09375 0.11328125
0 0.24375 0.45546875 0.0796875 0.06015625
0 0.24609375 0.578125 0.0890625 0.0890625
0 0.35546875 0.5875 0.08671875 0.084375
0 0.60546875 0.58203125 0.09140625 0.09609375
0 0.1140625 0.63671875 0.07421875 0.08671875
0 0.28125 0.84609375 0.09609375 0.10078125
0 0.30078125 0.05859375 0.08671875 0.103125
1 0.1140625 0.08671875 0.11796875 0.03828125
1 0.53359375 0.0875 0.240625 0.06953125
1 0.74765625 0.16484375 0.03828125 0.06484375
1 0.74609375 0.421875 0.0359375 0.11328125
1 0.6078125 0.80859375 0.1109375 0.05546875
1 0.4171875 0.8109375 0.11796875 0.040625
1 0.1140625 0.8078125 0.07421875 0.04296875