2 0.08984375 0.1296875 0.1796875 0.259375
2 0.553125 0.34609375 0.7640625 0.6921875
2 0.8328125 0.30078125 0.1515625 0.10078125
2 0.84375 0.4015625 0.178125 0.1296875
2 0.85546875 0.51953125 0.1734375 0.1109375
2 0.36796875 0.36796875 0.3890625 0.22578125
2 0.3609375 0.5796875 0.39453125 0.2546875
2 0.4109375 0.796875 0.4953125 0.2765625
1 0.1671875 0.08515625 0.05546875 0.13671875
1 0.165625 0.37109375 0.04296875 0.1421875
1 0.16796875 0.59140625 0.04296875 0.1390625
1 0.1703125 0.80546875 0.03359375 0.134375
0 0.17421875 0.19375 0.15625 0.06953125
0 0.740625 0.2875 0.0765625 0.05078125
0 0.5296875 0.29296875 0.09375 0.0671875
0 0.728125 0.41015625 0.0765625 0.05078125
0 0.79453125 0.446875 0.07421875 0.0671875
0 0.70546875 0.57578125 0.0890625 0.12265625
0 0.52890625 0.51171875 0.09140625 0.0765625
0 0.603125 0.66796875 0.071875 0.0765625