2 0.0875 0.146875 0.165625 0.27421875
2 0.55859375 0.39296875 0.87265625 0.7859375
2 0.83984375 0.33203125 0.1515625 0.09609375
2 0.85 0.43515625 0.17578125 0.125
2 0.8609375 0.5515625 0.1734375 0.11796875
2 0.375 0.4015625 0.40390625 0.259375
2 0.36796875 0.61328125 0.3890625 0.2359375
2 0.41796875 0.8296875 0.4953125 0.28359375
1 0.1734375 0.11875 0.053125 0.13671875
1 0.171875 0.4046875 0.0359375 0.1421875
1 0.17421875 0.625 0.05546875 0.1390625
1 0.17578125 0.8390625 0.04296875 0.134375
1 0.7921875 0.01171875 0.178125 0.0234375
0 0.18046875 0.22578125 0.15390625 0.0671875
0 0.74765625 0.32109375 0.08203125 0.06015625
0 0.5359375 0.3265625 0.09609375 0.071875
0 0.734375 0.4421875 0.0796875 0.053125
0 0.80078125 0.48046875 0.0765625 0.0671875
0 0.7140625 0.6109375 0.08203125 0.1203125
0 0.53515625 0.5453125 0.084375 0.0671875
0 0.6109375 0.7015625 0.071875 0.0765625