2 0.31875 0.28125 0.51171875 0.3890625
2 0.85703125 0.2828125 0.165625 0.37734375
2 0.81640625 0.64921875 0.24296875 0.33203125
2 0.6703125 0.57421875 0.16796875 0.4953125
2 0.634375 0.2046875 0.10078125 0.22578125
2 0.7296875 0.20546875 0.07421875 0.2234375
1 0.165625 0.28125 0.01953125 0.3796875
1 0.9484375 0.34140625 0.01171875 0.26953125
1 0.94453125 0.59375 0.009375 0.2015625
0 0.6140625 0.35546875 0.06015625 0.10078125
0 0.72265625 0.35546875 0.05078125 0.09140625
0 0.7390625 0.428125 0.06953125 0.09140625
0 0.71015625 0.5359375 0.06015625 0.08203125
0 0.61796875 0.83203125 0.0625 0.1875
0 0.5484375 0.41796875 0.08203125 0.10078125
0 0.16484375 0.390625 0.12265625 0.0984375