2 0.1859375 0.22109375 0.30546875 0.1828125
2 0.25 0.39765625 0.09140625 0.2234375
2 0.24375 0.490625 0.17578125 0.40859375
2 0.10078125 0.490625 0.14921875 0.40859375
2 0.1109375 0.384375 0.09609375 0.178125
2 0.1828125 0.3578125 0.0671875 0.09609375
2 0.1828125 0.47109375 0.08671875 0.10078125
2 0.83984375 0.178125 0.290625 0.0671875
2 0.928125 0.321875 0.1203125 0.22578125
2 0.91796875 0.5359375 0.16328125 0.21171875
2 0.8796875 0.66484375 0.21171875 0.05546875
2 0.7828125 0.50390625 0.18515625 0.38671875
2 0.75234375 0.33671875 0.1296875 0.2640625
2 0.8390625 0.25859375 0.0671875 0.11328125
2 0.4421875 0.30390625 0.20703125 0.31953125
2 0.58671875 0.30625 0.15859375 0.31015625
2 0.57578125 0.57578125 0.18515625 0.24296875
2 0.38828125 0.50703125 0.05546875 0.09140625
2 0.4265625 0.5765625 0.146875 0.23046875
2 0.4375 0.7671875 0.10546875 0.1390625
1 0.18359375 0.14921875 0.0453125 0.02890625
1 0.43359375 0.146875 0.05546875 0.02421875
1 0.59140625 0.15 0.0625 0.03125
1 0.3609375 0.2953125 0.02890625 0.1203125
1 0.3578125 0.49375 0.0140625 0.040625
1 0.56015625 0.703125 0.0578125 0.0265625
1 0.49375 0.78984375 0.01171875 0.06484375
1 0.421875 0.8484375 0.06015625 0.02890625
1 0.3796875 0.79453125 0.0140625 0.06484375
1 0.6890625 0.334375 0.0171875 0.1390625
1 0.68984375 0.57421875 0.009375 0.04296875
1 0.990625 0.33203125 0.0140625 0.10546875
1 0.9875 0.521875 0.025 0.11875
1 0.0359375 0.4234375 0.02421875 0.08203125
0 0.05859375 0.12265625 0.0359375 0.071875
0 0.06015625 0.26953125 0.03359375 0.0625
0 0.25234375 0.2546875 0.0484375 0.0765625
0 0.303125 0.2546875 0.02890625 0.071875
0 0.09765625 0.49765625 0.03125 0.071875
0 0.1359375 0.35234375 0.05078125 0.06953125
0 0.46015625 0.490625 0.0453125 0.0671875
0 0.48046875 0.5828125 0.0484375 0.06484375
0 0.41796875 0.521875 0.03828125 0.053125
0 0.4203125 0.5921875 0.03359375 0.05546875
0 0.46875 0.71875 0.02421875 0.071875
0 0.47265625 0.88203125 0.05546875 0.09140625
0 0.790625 0.44375 0.03828125 0.06484375
0 0.82578125 0.3375 0.03125 0.05546875
0 0.88203125 0.375 0.04296875 0.0765625
0 0.8546875 0.5203125 0.0453125 0.05546875
0 0.5953125 0.44140625 0.0265625 0.040625
0 0.6203125 0.446875 0.03359375 0.053125