2 0.32578125 0.2296875 0.540625 0.30078125
2 0.77421875 0.2640625 0.3890625 0.41328125
2 0.56640625 0.5015625 0.209375 0.24296875
2 0.5671875 0.66328125 0.2015625 0.08671875
2 0.2546875 0.5359375 0.428125 0.365625
2 0.8171875 0.52421875 0.2640625 0.16796875
2 0.8078125 0.6515625 0.25 0.1109375
2 0.78046875 0.92734375 0.3078125 0.1453125
1 0.2859375 0.08671875 0.21640625 0.0625
1 0.71484375 0.08671875 0.21875 0.03828125
1 0.27890625 0.7046875 0.21171875 0.02421875
0 0.40859375 0.4515625 0.134375 0.0671875
0 0.5375 0.4 0.12734375 0.084375
0 0.7359375 0.4171875 0.15859375 0.06484375
0 0.50234375 0.06640625 0.1203125 0.09375
0 0.6421875 0.5140625 0.115625 0.0765625
0 0.7484375 0.58046875 0.0984375 0.06953125
0 0.53515625 0.64921875 0.11328125 0.0671875
0 0.53359375 0.7296875 0.1296875 0.0890625
0 0.57578125 0.94609375 0.13203125 0.0890625