2 0.33515625 0.21484375 0.55546875 0.36328125
2 0.77265625 0.2484375 0.36328125 0.3921875
2 0.57109375 0.48046875 0.2328125 0.259375
2 0.571875 0.640625 0.1921875 0.06484375
2 0.2671875 0.515625 0.41796875 0.353125
2 0.81640625 0.50234375 0.24765625 0.1390625
2 0.8078125 0.62890625 0.2453125 0.12734375
2 0.78359375 0.90625 0.3125 0.1875
1 0.296875 0.07421875 0.21875 0.04296875
1 0.71640625 0.07421875 0.21171875 0.0484375
1 0.28984375 0.68046875 0.209375 0.02421875
1 0.70703125 0.98984375 0.1328125 0.0203125
1 0.8546875 0.9875 0.159375 0.025
0 0.4171875 0.4328125 0.13203125 0.0625
0 0.5421875 0.38203125 0.12265625 0.071875
0 0.7359375 0.39765625 0.15390625 0.0796875
0 0.50859375 0.05390625 0.11796875 0.0984375
0 0.64453125 0.49296875 0.1109375 0.0671875
0 0.7484375 0.5578125 0.0984375 0.071875
0 0.540625 0.6265625 0.1109375 0.06953125
0 0.53828125 0.7046875 0.125 0.08671875
0 0.5796875 0.9171875 0.1296875 0.0890625