2 0.3296875 0.18984375 0.5578125 0.35546875
2 0.77265625 0.2234375 0.3484375 0.3796875
2 0.56875 0.459375 0.2046875 0.2359375
2 0.56953125 0.62109375 0.2015625 0.0796875
2 0.259375 0.4953125 0.428125 0.365625
2 0.8171875 0.48203125 0.2640625 0.18515625
2 0.80859375 0.6109375 0.25234375 0.1296875
2 0.78515625 0.89453125 0.31484375 0.1828125
1 0.28984375 0.046875 0.228125 0.03125
1 0.71640625 0.046875 0.21640625 0.040625
1 0.2828125 0.6625 0.209375 0.0453125
1 0.709375 0.98203125 0.1390625 0.021875
1 0.859375 0.98046875 0.1609375 0.03828125
0 0.4125 0.41015625 0.1421875 0.084375
0 0.53984375 0.359375 0.12265625 0.0796875
0 0.73671875 0.3765625 0.15625 0.06484375
0 0.50390625 0.03828125 0.11796875 0.0765625
0 0.64296875 0.47265625 0.1078125 0.06015625
0 0.75 0.53828125 0.10078125 0.0671875
0 0.5375 0.60703125 0.11796875 0.0796875
0 0.5359375 0.6875 0.1296875 0.09140625
0 0.578125 0.90390625 0.13203125 0.09140625