2 0.08671875 0.17578125 0.14921875 0.25
2 0.53125 0.24765625 0.7984375 0.490625
2 0.43046875 0.38671875 0.115625 0.10546875
2 0.21640625 0.47265625 0.3265625 0.290625
2 0.6421875 0.64921875 0.59609375 0.47578125
2 0.6625 0.74609375 0.13671875 0.2046875
1 0.05078125 0.4890625 0.04296875 0.165625
1 0.915625 0.2515625 0.03359375 0.30078125
1 0.9171875 0.5421875 0.0171875 0.0984375
1 0.146875 0.134375 0.02890625 0.1390625
0 0.15 0.25390625 0.11796875 0.103125
0 0.47734375 0.275 0.06953125 0.0796875
0 0.44375 0.46875 0.0453125 0.053125
0 0.3921875 0.50234375 0.0578125 0.09140625
0 0.5828125 0.7359375 0.06015625 0.08671875
0 0.54296875 0.8546875 0.10078125 0.1515625