2 0.0875 0.1765625 0.146875 0.24765625
2 0.5296875 0.25234375 0.80078125 0.5046875
2 0.42890625 0.38671875 0.12734375 0.1203125
2 0.2171875 0.47265625 0.334375 0.30078125
2 0.640625 0.64765625 0.56015625 0.415625
2 0.6609375 0.7453125 0.1203125 0.196875
1 0.053125 0.4890625 0.03828125 0.165625
1 0.9125 0.25234375 0.0453125 0.2984375
1 0.91484375 0.540625 0.0171875 0.10078125
1 0.14765625 0.134375 0.021875 0.1390625
0 0.1515625 0.2546875 0.115625 0.09609375
0 0.47734375 0.2765625 0.084375 0.09140625
0 0.4421875 0.46875 0.04296875 0.053125
0 0.3921875 0.50234375 0.053125 0.08203125
0 0.58203125 0.734375 0.0671875 0.0890625
0 0.5421875 0.853125 0.084375 0.14453125