2 0.52421875 0.1234375 0.9515625 0.17578125
2 0.2046875 0.3375 0.33203125 0.2765625
2 0.57109375 0.5671875 0.415625 0.70703125
2 0.8703125 0.709375 0.22578125 0.1390625
2 0.8796875 0.8421875 0.240625 0.15625
2 0.87734375 0.36796875 0.240625 0.2984375
0 0.33515625 0.390625 0.11328125 0.0890625
0 0.59609375 0.17421875 0.115625 0.09375
0 0.7984375 0.4859375 0.09609375 0.08203125
0 0.89765625 0.50234375 0.09375 0.0765625
0 0.72109375 0.85078125 0.1109375 0.08203125
0 0.725 0.5984375 0.103125 0.08671875
0 0.8734375 0.79296875 0.11328125 0.0765625
0 0.6875 0.9515625 0.1203125 0.09609375
1 0.2140625 0.2078125 0.16328125 0.05078125
1 0.446875 0.209375 0.125 0.0484375
1 0.69140625 0.2078125 0.07421875 0.03125
1 0.88828125 0.2046875 0.15625 0.0625