2 0.51796875 0.140625 0.93046875 0.1515625
2 0.203125 0.3484375 0.32421875 0.2640625
2 0.5625 0.5734375 0.48046875 0.71875
2 0.85546875 0.7125 0.22109375 0.11796875
2 0.865625 0.8421875 0.22578125 0.1421875
2 0.8609375 0.37734375 0.259375 0.3125
0 0.33203125 0.4015625 0.1109375 0.08203125
0 0.58671875 0.1890625 0.115625 0.09375
0 0.7828125 0.49375 0.09375 0.07421875
0 0.88203125 0.509375 0.09140625 0.0671875
0 0.709375 0.85078125 0.1109375 0.08671875
0 0.7125 0.6046875 0.0984375 0.0796875
0 0.8578125 0.7953125 0.10546875 0.0765625
0 0.67421875 0.9484375 0.12734375 0.103125
1 0.2140625 0.22109375 0.15859375 0.02890625
1 0.43984375 0.2234375 0.1203125 0.04296875
1 0.67890625 0.22109375 0.07421875 0.04296875
1 0.87265625 0.2171875 0.15390625 0.0453125
1 0.98671875 0.28125 0.0265625 0.03828125