2 0.5203125 0.134375 0.94921875 0.15859375
2 0.20078125 0.34609375 0.3390625 0.28828125
2 0.5640625 0.57421875 0.478125 0.73046875
2 0.86328125 0.71640625 0.22578125 0.125
2 0.87265625 0.8484375 0.22578125 0.1390625
2 0.86171875 0.3734375 0.2765625 0.334375
0 0.33046875 0.39921875 0.103125 0.0671875
0 0.58984375 0.18359375 0.11328125 0.084375
0 0.78828125 0.49375 0.09609375 0.0796875
0 0.8890625 0.509375 0.09140625 0.071875
0 0.7140625 0.85703125 0.10078125 0.07421875
0 0.7171875 0.60546875 0.103125 0.08203125
0 0.86640625 0.79921875 0.103125 0.06953125
0 0.67890625 0.95546875 0.11796875 0.0890625
1 0.21171875 0.21640625 0.15859375 0.0625
1 0.44140625 0.2171875 0.12734375 0.040625
1 0.68359375 0.21640625 0.07421875 0.03828125
1 0.8796875 0.2125 0.15390625 0.05078125
1 0.98984375 0.278125 0.0203125 0.0375