2 0.6359375 0.11171875 0.2953125 0.17578125
2 0.1671875 0.36171875 0.19921875 0.2953125
2 0.16953125 0.63125 0.19921875 0.25703125
2 0.3171875 0.71484375 0.071875 0.09375
2 0.415625 0.71171875 0.1109375 0.09140625
2 0.52265625 0.71015625 0.0890625 0.09375
2 0.5296875 0.51953125 0.50234375 0.6203125
2 0.72734375 0.62890625 0.11796875 0.1515625
2 0.72734375 0.76328125 0.11328125 0.103125
1 0.05859375 0.584375 0.0171875 0.1109375
1 0.18984375 0.2078125 0.09609375 0.021875
1 0.40234375 0.209375 0.09375 0.01953125
1 0.65625 0.209375 0.09140625 0.0140625
0 0.3921875 0.634375 0.071875 0.09140625
0 0.38359375 0.70078125 0.06484375 0.05546875
0 0.509375 0.6359375 0.0671875 0.0890625
0 0.6390625 0.6265625 0.0671875 0.0796875
0 0.69453125 0.68359375 0.053125 0.05546875
0 0.6140625 0.8296875 0.06953125 0.16328125
0 0.24765625 0.42421875 0.0765625 0.06953125
0 0.25234375 0.55859375 0.08203125 0.0796875
0 0.54296875 0.1828125 0.08203125 0.10078125