2 0.7234375 0.2796875 0.33671875 0.1421875
2 0.72109375 0.3921875 0.34140625 0.115625
2 0.72265625 0.50625 0.334375 0.15625
2 0.21640625 0.70546875 0.428125 0.18046875
2 0.07421875 0.60234375 0.1296875 0.084375
2 0.25703125 0.60078125 0.1828125 0.0671875
2 0.28359375 0.4328125 0.5578125 0.4234375
2 0.0421875 0.478125 0.084375 0.15859375
2 0.2546875 0.6 0.178125 0.084375
2 0.3953125 0.43984375 0.0796875 0.08671875
0 0.45703125 0.44921875 0.0671875 0.03828125
0 0.38203125 0.51171875 0.071875 0.04296875
0 0.4859375 0.571875 0.08203125 0.1109375
0 0.3734375 0.61328125 0.06484375 0.04296875
0 0.3921875 0.62109375 0.0484375 0.05078125
0 0.5765625 0.41796875 0.08203125 0.0484375
0 0.57109375 0.3109375 0.06484375 0.040625
0 0.5765625 0.47109375 0.0765625 0.03828125
0 0.0484375 0.38203125 0.0578125 0.053125
0 0.1078125 0.6515625 0.0578125 0.04296875
1 0.01328125 0.3078125 0.0265625 0.15859375
1 0.89921875 0.2828125 0.03828125 0.103125
1 0.9 0.3921875 0.0359375 0.09140625
1 0.9 0.5046875 0.03125 0.10546875
1 0.00390625 0.59765625 0.00703125 0.05546875
1 0.009375 0.7046875 0.01875 0.125
1 0.08984375 0.4859375 0.021875 0.15859375