2 0.73671875 0.29453125 0.34375 0.11796875
2 0.7359375 0.40859375 0.35546875 0.15390625
2 0.73671875 0.52734375 0.34375 0.15625
2 0.2171875 0.73125 0.434375 0.2
2 0.0671875 0.6265625 0.134375 0.084375
2 0.25703125 0.625 0.1921875 0.10546875
2 0.29453125 0.45078125 0.5890625 0.48828125
2 0.0375 0.4984375 0.07421875 0.1609375
2 0.2546875 0.6234375 0.1828125 0.09375
2 0.39921875 0.4578125 0.08203125 0.0890625
0 0.4625 0.46875 0.07421875 0.053125
0 0.38671875 0.53359375 0.08203125 0.0578125
0 0.49296875 0.5953125 0.071875 0.1078125
0 0.37734375 0.63671875 0.0625 0.03828125
0 0.3953125 0.646875 0.05078125 0.053125
0 0.58671875 0.4359375 0.08203125 0.040625
0 0.58203125 0.3265625 0.0671875 0.03828125
0 0.58671875 0.49140625 0.08203125 0.040625
0 0.0421875 0.39921875 0.06484375 0.0578125
0 0.10234375 0.6765625 0.06015625 0.0453125
1 0.00859375 0.3234375 0.0171875 0.165625
1 0.91796875 0.296875 0.03828125 0.1078125
1 0.91953125 0.41015625 0.0359375 0.0984375
1 0.91953125 0.5265625 0.040625 0.1109375
1 0.0046875 0.7328125 0.009375 0.1296875
1 0.084375 0.50625 0.02890625 0.1609375