2 0.72109375 0.2640625 0.34140625 0.178125
2 0.72109375 0.37734375 0.35078125 0.16796875
2 0.72109375 0.4953125 0.33671875 0.125
2 0.2078125 0.696875 0.415625 0.1390625
2 0.0609375 0.58984375 0.121875 0.0796875
2 0.24765625 0.59140625 0.1921875 0.08671875
2 0.28125 0.41796875 0.5625 0.446875
2 0.0328125 0.4671875 0.06484375 0.15625
2 0.2453125 0.58984375 0.1828125 0.0890625
2 0.38671875 0.4265625 0.0765625 0.084375
0 0.44921875 0.4359375 0.0765625 0.05078125
0 0.3734375 0.5015625 0.07421875 0.0453125
0 0.4796875 0.5625 0.0796875 0.1109375
0 0.365625 0.603125 0.0671875 0.04296875
0 0.38359375 0.61328125 0.05078125 0.053125
0 0.571875 0.4046875 0.08203125 0.0359375
0 0.56640625 0.296875 0.06484375 0.0359375
0 0.571875 0.459375 0.0765625 0.04296875
0 0.0328125 0.36796875 0.06484375 0.053125
0 0.0921875 0.64296875 0.06015625 0.0453125
1 0.9015625 0.2671875 0.03828125 0.10546875
1 0.9015625 0.3796875 0.04296875 0.09609375
1 0.9015625 0.49375 0.02890625 0.1078125
1 0.07578125 0.4734375 0.05078125 0.15859375