2 0.3578125 0.3109375 0.35546875 0.31484375
2 0.11875 0.65625 0.13203125 0.365625
2 0.3578125 0.6515625 0.39921875 0.41328125
2 0.60703125 0.60078125 0.165625 0.4859375
2 0.83671875 0.3078125 0.3265625 0.34609375
2 0.6046875 0.25234375 0.1609375 0.2015625
0 0.178125 0.546875 0.15390625 0.12734375
0 0.50859375 0.54921875 0.0890625 0.103125
0 0.50234375 0.41328125 0.09140625 0.10078125
0 0.60546875 0.39296875 0.0765625 0.11328125
0 0.7015625 0.41796875 0.08203125 0.09609375
0 0.5890625 0.884375 0.0765625 0.115625
1 0.18125 0.3171875 0.040625 0.22109375
1 0.98046875 0.3390625 0.03828125 0.1828125
1 0.1828125 0.7234375 0.053125 0.21171875