2 0.4765625 0.12109375 0.825 0.2421875
2 0.4859375 0.5328125 0.89453125 0.76171875
2 0.775 0.36328125 0.23828125 0.3125
2 0.6515625 0.74140625 0.20703125 0.25234375
2 0.49609375 0.76171875 0.15625 0.1734375
2 0.25703125 0.7328125 0.375 0.29296875
1 0.15625 0.19453125 0.09140625 0.03828125
1 0.2546875 0.196875 0.09609375 0.0578125
1 0.50234375 0.19921875 0.10078125 0.0484375
1 0.7640625 0.196875 0.1109375 0.0671875
1 0.06484375 0.709375 0.053125 0.09140625
0 0.3796875 0.1671875 0.10078125 0.12734375
0 0.62734375 0.5921875 0.1109375 0.12734375
0 0.7859375 0.47734375 0.10078125 0.12265625
0 0.8109375 0.85703125 0.11796875 0.21875
0 0.3140625 0.6625 0.1078125 0.1078125
0 0.609375 0.72578125 0.11328125 0.09609375