2 0.46484375 0.09765625 0.8296875 0.17578125
2 0.47109375 0.5421875 0.84609375 0.68046875
2 0.7640625 0.3703125 0.23046875 0.3078125
2 0.6390625 0.75390625 0.20703125 0.25234375
2 0.4828125 0.77421875 0.14921875 0.16328125
2 0.240625 0.7453125 0.3609375 0.25
1 0.1390625 0.1984375 0.09609375 0.03125
1 0.240625 0.203125 0.09609375 0.06015625
1 0.4890625 0.2046875 0.103125 0.0578125
1 0.75390625 0.2015625 0.11328125 0.0625
1 0.04453125 0.7203125 0.040625 0.0890625
0 0.365625 0.171875 0.09140625 0.12265625
0 0.6140625 0.603125 0.12734375 0.1390625
0 0.7765625 0.4859375 0.10078125 0.125
0 0.8015625 0.8703125 0.12734375 0.22109375
0 0.2984375 0.6734375 0.10546875 0.10546875
0 0.59765625 0.73828125 0.11796875 0.10546875