2 0.58203125 0.1109375 0.6921875 0.22109375
2 0.5609375 0.4890625 0.73828125 0.6078125
2 0.321875 0.5734375 0.22578125 0.13671875
2 0.3125 0.6921875 0.2359375 0.16328125
2 0.21640625 0.828125 0.41796875 0.228125
2 0.66953125 0.83984375 0.4828125 0.21875
1 0.6734375 0.2078125 0.16328125 0.06015625
0 0.50625 0.16796875 0.1421875 0.115625
0 0.4859375 0.58671875 0.16328125 0.08671875
0 0.5140625 0.81875 0.1828125 0.0984375
0 0.53359375 0.90390625 0.22109375 0.1921875
0 0.34140625 0.8078125 0.15859375 0.1296875