2 0.08046875 0.21640625 0.12265625 0.29296875
2 0.18046875 0.22265625 0.08203125 0.2671875
2 0.1890625 0.50859375 0.09375 0.2859375
2 0.27421875 0.5015625 0.053125 0.2671875
2 0.26328125 0.1765625 0.06953125 0.18046875
2 0.3125 0.13671875 0.02421875 0.10078125
2 0.44921875 0.22265625 0.4421875 0.271875
2 0.64453125 0.17890625 0.0484375 0.18046875
2 0.796875 0.43515625 0.24296875 0.6734375
2 0.7390625 0.45078125 0.12265625 0.2328125
2 0.734375 0.6609375 0.11328125 0.15390625
2 0.6234375 0.4890625 0.09375 0.25234375
2 0.53515625 0.49609375 0.0890625 0.25703125
2 0.42890625 0.49296875 0.11796875 0.2640625
2 0.33515625 0.48828125 0.05546875 0.2640625
2 0.31953125 0.3859375 0.01953125 0.040625
2 0.3234375 0.43359375 0.0171875 0.040625
1 0.03125 0.3171875 0.01953125 0.0578125
1 0.03828125 0.2359375 0.02421875 0.08671875
1 0.04921875 0.15 0.021875 0.07421875
1 0.0875 0.0828125 0.03125 0.040625
1 0.13125 0.0875 0.040625 0.03125
1 0.16328125 0.0828125 0.03359375 0.03125
1 0.2015625 0.0796875 0.02890625 0.03359375
1 0.24296875 0.0796875 0.02890625 0.03828125
1 0.28125 0.08203125 0.02890625 0.02890625
1 0.33984375 0.07578125 0.0265625 0.040625
1 0.38203125 0.0765625 0.02421875 0.03828125
1 0.4234375 0.07578125 0.02890625 0.03125
1 0.4671875 0.07578125 0.0265625 0.021875
1 0.51171875 0.07421875 0.02890625 0.03359375
1 0.55390625 0.0734375 0.021875 0.021875
1 0.59765625 0.0734375 0.0265625 0.0265625
1 0.6390625 0.07421875 0.02421875 0.02890625
1 0.7015625 0.0875 0.03359375 0.03125
1 0.73671875 0.0796875 0.021875 0.03359375
1 0.7765625 0.0890625 0.02890625 0.03828125
1 0.81640625 0.084375 0.021875 0.02421875
1 0.85546875 0.084375 0.02421875 0.02890625
1 0.8953125 0.084375 0.03125 0.03828125
1 0.921875 0.16015625 0.01171875 0.05546875
1 0.92421875 0.26953125 0.01171875 0.0578125
1 0.9234375 0.3609375 0.0140625 0.0625
1 0.92578125 0.4578125 0.0140625 0.05546875
1 0.9234375 0.5515625 0.0140625 0.06015625
1 0.92421875 0.65234375 0.0171875 0.06015625
1 0.92578125 0.73671875 0.0140625 0.06484375
1 0.67421875 0.7046875 0.00703125 0.0578125
1 0.6421875 0.63203125 0.02421875 0.02421875
1 0.59765625 0.62734375 0.021875 0.02421875
1 0.55546875 0.6296875 0.03359375 0.02421875
1 0.51328125 0.62734375 0.03125 0.02890625
1 0.4265625 0.63203125 0.021875 0.02421875
1 0.38203125 0.63125 0.02421875 0.021875
1 0.33671875 0.6296875 0.02890625 0.02421875
1 0.28828125 0.6546875 0.02890625 0.021875
0 0.14921875 0.39921875 0.01953125 0.0484375
0 0.16015625 0.37890625 0.0171875 0.03125
0 0.21875 0.3078125 0.02421875 0.08203125
0 0.3109375 0.20703125 0.021875 0.02890625
0 0.64453125 0.3015625 0.02890625 0.05078125
0 0.6875 0.3328125 0.01953125 0.03125
0 0.7203125 0.46484375 0.0171875 0.040625
0 0.696875 0.4578125 0.0140625 0.021875
0 0.69609375 0.51953125 0.01171875 0.01953125
0 0.71484375 0.525 0.01171875 0.03125
0 0.7796875 0.5921875 0.021875 0.05546875
0 0.77890625 0.73046875 0.01953125 0.0484375
0 0.57109375 0.390625 0.0171875 0.0453125
0 0.48046875 0.39296875 0.0140625 0.040625
0 0.4671875 0.6203125 0.03125 0.04296875
0 0.3578125 0.3921875 0.02421875 0.03828125
0 0.3265625 0.35546875 0.02421875 0.0484375
1 0.6734375 0.80390625 0.009375 0.06015625