2 0.0984375 0.36171875 0.14453125 0.540625
2 0.328125 0.35703125 0.38671875 0.5265625
2 0.609375 0.63828125 0.2765625 0.38671875
2 0.82578125 0.6421875 0.2328125 0.35546875
2 0.79453125 0.27890625 0.30546875 0.365625
2 0.57578125 0.35546875 0.18046875 0.20703125
2 0.5875 0.18125 0.12265625 0.1421875
1 0.15234375 0.28984375 0.06953125 0.3484375
1 0.94140625 0.271875 0.05546875 0.16796875
1 0.93984375 0.6453125 0.04296875 0.18046875
0 0.7390625 0.52265625 0.0796875 0.11328125
0 0.6609375 0.2015625 0.0578125 0.08671875
0 0.68359375 0.40859375 0.07421875 0.1296875
0 0.62265625 0.50390625 0.0578125 0.11796875
0 0.475 0.5421875 0.06953125 0.12265625
0 0.6578125 0.8265625 0.084375 0.259375