2 0.09140625 0.25625 0.1203125 0.42578125
2 0.3890625 0.26953125 0.41796875 0.428125
2 0.19375 0.709375 0.31015625 0.4375
2 0.41328125 0.80546875 0.09609375 0.1828125
2 0.41484375 0.6 0.0984375 0.2046875
2 0.71640625 0.7140625 0.490625 0.428125
2 0.66796875 0.78125 0.125 0.27890625
2 0.7859375 0.2640625 0.34609375 0.4375
1 0.5015625 0.0375 0.0890625 0.0359375
1 0.1609375 0.20078125 0.01953125 0.24296875
1 0.0296875 0.73203125 0.01171875 0.24765625
1 0.97109375 0.3328125 0.02421875 0.24296875
1 0.97265625 0.703125 0.021875 0.23828125
0 0.828125 0.4546875 0.06953125 0.1203125
0 0.63671875 0.35546875 0.0765625 0.10078125
0 0.553125 0.4515625 0.0671875 0.115625
0 0.1625 0.3921875 0.1515625 0.10078125
0 0.33046875 0.6078125 0.07421875 0.1296875
0 0.57421875 0.79296875 0.0765625 0.10546875
0 0.49375 0.77421875 0.06953125 0.10078125
0 0.5640625 0.95859375 0.08125 0.0828125