2 0.22734375 0.33984375 0.18984375 0.2671875
2 0.20078125 0.44140625 0.1078125 0.07421875
2 0.20546875 0.59609375 0.12265625 0.2453125
2 0.296875 0.68046875 0.07421875 0.0765625
2 0.2953125 0.58984375 0.071875 0.0984375
2 0.36328125 0.328125 0.125 0.2234375
2 0.33984375 0.578125 0.17578125 0.290625
2 0.5265625 0.46875 0.27890625 0.51953125
2 0.7140625 0.334375 0.1921875 0.2453125
2 0.67578125 0.515625 0.08203125 0.11796875
2 0.7484375 0.51328125 0.07421875 0.12265625
2 0.7125 0.6546875 0.1703125 0.165625
2 0.52734375 0.61171875 0.24296875 0.2671875
2 0.334375 0.7796875 0.1390625 0.06953125
1 0.23046875 0.20703125 0.0625 0.03359375
1 0.3640625 0.20546875 0.05078125 0.021875
1 0.5171875 0.21171875 0.125 0.02890625
1 0.6046875 0.2078125 0.0359375 0.0265625
1 0.72265625 0.21171875 0.06953125 0.01953125
1 0.71640625 0.7390625 0.04296875 0.0265625
1 0.6046875 0.740625 0.040625 0.02890625
1 0.47734375 0.734375 0.0796875 0.040625
1 0.209375 0.734375 0.0484375 0.03125
0 0.203125 0.3796875 0.040625 0.053125
0 0.30390625 0.41328125 0.0890625 0.0671875
0 0.32109375 0.53125 0.06953125 0.10078125
0 0.303125 0.75703125 0.03828125 0.0625
0 0.36640625 0.76171875 0.0453125 0.08671875
0 0.23828125 0.5046875 0.0484375 0.0625
0 0.6515625 0.39921875 0.053125 0.0671875
0 0.7453125 0.6078125 0.0484375 0.0671875
0 0.6515625 0.65625 0.0625 0.0625
0 0.8125 0.6578125 0.053125 0.06015625
0 0.73203125 0.5265625 0.06015625 0.0671875