2 0.25234375 0.15859375 0.1296875 0.08671875
2 0.0875 0.27421875 0.0984375 0.1296875
2 0.08984375 0.40859375 0.103125 0.1390625
2 0.30546875 0.4859375 0.34609375 0.5484375
2 0.35 0.8453125 0.24296875 0.146875
2 0.16328125 0.834375 0.125 0.134375
2 0.09375 0.8015625 0.1109375 0.2234375
2 0.08984375 0.5890625 0.12734375 0.21640625
2 0.609375 0.39296875 0.2328125 0.37734375
2 0.8265625 0.396875 0.28359375 0.40390625
2 0.8265625 0.67421875 0.2640625 0.2234375
2 0.82578125 0.8453125 0.24765625 0.13671875
2 0.61171875 0.74140625 0.19921875 0.334375
2 0.578125 0.6296875 0.11328125 0.10546875
0 0.2546875 0.18125 0.0625 0.084375
0 0.10234375 0.36796875 0.05078125 0.0578125
0 0.11328125 0.5046875 0.0484375 0.0625
0 0.15390625 0.6578125 0.0625 0.06015625
0 0.26796875 0.68125 0.05546875 0.0890625
0 0.265625 0.80390625 0.06953125 0.09375
0 0.1734375 0.75390625 0.053125 0.0890625
0 0.61640625 0.65859375 0.06953125 0.0765625
0 0.66953125 0.553125 0.07421875 0.09609375
0 0.7203125 0.7359375 0.06953125 0.071875
0 0.72109375 0.81953125 0.0671875 0.071875
1 0.6609375 0.91328125 0.03828125 0.01953125
1 0.634375 0.21171875 0.09609375 0.02890625
1 0.3796875 0.21015625 0.1203125 0.040625
1 0.46875 0.5 0.03359375 0.15859375
1 0.9484375 0.67578125 0.01171875 0.0484375
1 0.88125 0.7796875 0.0984375 0.040625
1 0.18515625 0.90859375 0.03359375 0.02890625
1 0.0984375 0.21171875 0.02890625 0.009375