2 0.24296875 0.16328125 0.134375 0.10078125
2 0.0765625 0.27890625 0.09609375 0.1296875
2 0.0796875 0.41484375 0.10078125 0.13671875
2 0.2953125 0.49140625 0.365625 0.56484375
2 0.33984375 0.85234375 0.25703125 0.17578125
2 0.15390625 0.84140625 0.115625 0.125
2 0.0828125 0.80859375 0.1515625 0.2328125
2 0.0796875 0.5953125 0.134375 0.21875
2 0.60234375 0.39765625 0.19921875 0.36796875
2 0.82109375 0.4015625 0.31015625 0.41328125
2 0.81953125 0.68046875 0.2640625 0.22578125
2 0.81953125 0.85234375 0.2453125 0.12265625
2 0.60546875 0.7484375 0.240625 0.3484375
2 0.56953125 0.6359375 0.125 0.12265625
0 0.2453125 0.18515625 0.0578125 0.08203125
0 0.09140625 0.37265625 0.04296875 0.0578125
0 0.10078125 0.509375 0.0578125 0.071875
0 0.14296875 0.66328125 0.05546875 0.053125
0 0.25703125 0.6890625 0.0671875 0.09375
0 0.25625 0.8109375 0.0796875 0.0984375
0 0.1625 0.759375 0.06015625 0.09140625
0 0.609375 0.66484375 0.06484375 0.06953125
0 0.66328125 0.5578125 0.0765625 0.09609375
0 0.7125 0.74296875 0.06953125 0.071875
0 0.7140625 0.8265625 0.0578125 0.0671875
1 0.65390625 0.9203125 0.03828125 0.02421875
1 0.62734375 0.21484375 0.10078125 0.0359375
1 0.36875 0.21484375 0.12265625 0.0171875
1 0.46171875 0.5046875 0.04296875 0.15859375
1 0.9421875 0.6828125 0.009375 0.0484375
1 0.875 0.7875 0.09609375 0.0359375
1 0.17578125 0.91796875 0.03359375 0.02890625
1 0.0890625 0.2140625 0.02890625 0.0140625