2 0.28828125 0.2203125 0.21640625 0.353125
2 0.55859375 0.2140625 0.30078125 0.365625
2 0.76796875 0.21640625 0.1078125 0.3703125
2 0.2328125 0.52421875 0.10546875 0.2359375
2 0.48203125 0.60234375 0.5984375 0.396875
0 0.2515625 0.68515625 0.06015625 0.09609375
0 0.24296875 0.84140625 0.0671875 0.10546875
0 0.42890625 0.29453125 0.07421875 0.0796875
0 0.6578125 0.36640625 0.06015625 0.1078125
0 0.73671875 0.30390625 0.06953125 0.0890625
1 0.2984375 0.03515625 0.1296875 0.021875
1 0.7859375 0.62109375 0.01953125 0.24765625
1 0.80625 0.03125 0.03125 0.01953125