2 0.271875 0.09140625 0.446875 0.1828125
2 0.11328125 0.3171875 0.134375 0.303125
2 0.25234375 0.3171875 0.16328125 0.303125
2 0.1515625 0.50859375 0.2015625 0.0796875
2 0.103125 0.5953125 0.10078125 0.09375
2 0.29453125 0.509375 0.06953125 0.08671875
2 0.40625 0.47734375 0.16328125 0.15625
2 0.4078125 0.28359375 0.18046875 0.25
2 0.75703125 0.08671875 0.4375 0.125
2 0.7609375 0.2671875 0.44921875 0.28359375
2 0.65234375 0.46015625 0.228125 0.18515625
2 0.5734375 0.50703125 0.06953125 0.08203125
2 0.59609375 0.6 0.1203125 0.0984375
2 0.821875 0.6078125 0.2984375 0.08203125
2 0.87109375 0.46015625 0.2140625 0.18984375
1 0.12265625 0.15859375 0.09140625 0.02421875
1 0.259375 0.15859375 0.134375 0.0484375
1 0.39765625 0.15859375 0.146875 0.02421875
1 0.6234375 0.16328125 0.1078125 0.02421875
1 0.790625 0.16484375 0.1296875 0.0171875
1 0.91015625 0.16328125 0.12734375 0.02421875
1 0.8390625 0.5578125 0.1109375 0.03828125
1 0.7015625 0.55625 0.0765625 0.03125
0 0.19140625 0.34609375 0.05078125 0.04296875
0 0.2140625 0.1421875 0.0484375 0.0625
0 0.35703125 0.1453125 0.05546875 0.06484375
0 0.7046875 0.14921875 0.0625 0.0765625
0 0.31015625 0.34609375 0.053125 0.0484375
0 0.35078125 0.446875 0.0578125 0.053125
0 0.2921875 0.45078125 0.05546875 0.05078125
0 0.209375 0.490625 0.053125 0.0578125
0 0.13125 0.53125 0.05078125 0.053125
0 0.62890625 0.4859375 0.0453125 0.04296875
0 0.69453125 0.57109375 0.0484375 0.0453125
0 0.66953125 0.59765625 0.06015625 0.0453125
0 0.93984375 0.41953125 0.053125 0.0453125