2 0.26953125 0.0921875 0.4421875 0.184375
2 0.11171875 0.31640625 0.165625 0.30546875
2 0.25 0.31484375 0.21171875 0.3171875
2 0.15 0.50625 0.209375 0.0984375
2 0.103125 0.5921875 0.10546875 0.09375
2 0.29296875 0.50625 0.0671875 0.084375
2 0.40234375 0.475 0.165625 0.15625
2 0.40390625 0.2828125 0.1875 0.25234375
2 0.75234375 0.08671875 0.4328125 0.125
2 0.75625 0.2671875 0.44921875 0.28359375
2 0.64921875 0.459375 0.2453125 0.21171875
2 0.56953125 0.5046875 0.0765625 0.08203125
2 0.5921875 0.59765625 0.1078125 0.0890625
2 0.8171875 0.60546875 0.2984375 0.10546875
2 0.86640625 0.4578125 0.2328125 0.2140625
1 0.12109375 0.15859375 0.0890625 0.02421875
1 0.25703125 0.1578125 0.134375 0.05078125
1 0.3953125 0.15859375 0.146875 0.02890625
1 0.61875 0.16328125 0.1078125 0.02890625
1 0.7859375 0.16484375 0.1296875 0.0265625
1 0.9046875 0.16328125 0.12734375 0.02890625
1 0.8328125 0.55546875 0.1078125 0.04296875
1 0.696875 0.55390625 0.071875 0.0265625
0 0.18984375 0.3453125 0.053125 0.05078125
0 0.2125 0.1421875 0.040625 0.0578125
0 0.3546875 0.1453125 0.05546875 0.06484375
0 0.69921875 0.14921875 0.0625 0.0765625
0 0.3078125 0.3453125 0.0578125 0.05078125
0 0.3484375 0.44609375 0.0625 0.05546875
0 0.28984375 0.44921875 0.05546875 0.0484375
0 0.2078125 0.48828125 0.05078125 0.0578125
0 0.1296875 0.52890625 0.0484375 0.0484375
0 0.625 0.4828125 0.04296875 0.04296875
0 0.69140625 0.56953125 0.0453125 0.04296875
0 0.665625 0.5953125 0.0578125 0.0453125
0 0.93515625 0.41796875 0.053125 0.0484375