2 0.25390625 0.0765625 0.4515625 0.153125
2 0.09609375 0.3078125 0.134375 0.303125
2 0.2359375 0.30625 0.21171875 0.31953125
2 0.13359375 0.5015625 0.209375 0.11328125
2 0.084375 0.5890625 0.10546875 0.09609375
2 0.27890625 0.5015625 0.071875 0.0890625
2 0.390625 0.46875 0.1703125 0.16328125
2 0.3921875 0.27421875 0.1875 0.259375
2 0.7453125 0.084375 0.4421875 0.16796875
2 0.75 0.25703125 0.45703125 0.259375
2 0.640625 0.453125 0.24296875 0.2046875
2 0.56015625 0.5 0.0765625 0.08671875
2 0.584375 0.59375 0.115625 0.09609375
2 0.8109375 0.60234375 0.30078125 0.084375
2 0.86171875 0.4515625 0.2328125 0.21171875
1 0.1046875 0.14765625 0.0890625 0.0359375
1 0.24296875 0.14765625 0.1390625 0.0359375
1 0.38203125 0.14765625 0.14921875 0.0265625
1 0.6109375 0.15234375 0.10546875 0.0359375
1 0.77890625 0.15390625 0.1296875 0.02890625
1 0.9 0.15234375 0.12734375 0.0359375
1 0.828125 0.5515625 0.1078125 0.0453125
1 0.68984375 0.55078125 0.071875 0.03359375
0 0.17421875 0.3390625 0.05546875 0.053125
0 0.196875 0.13125 0.053125 0.06484375
0 0.34140625 0.134375 0.0578125 0.0671875
0 0.6921875 0.13828125 0.0671875 0.07421875
0 0.2953125 0.3375 0.0578125 0.05546875
0 0.33515625 0.43984375 0.06015625 0.0484375
0 0.275 0.44375 0.05546875 0.05078125
0 0.1921875 0.48203125 0.053125 0.06015625
0 0.11328125 0.52421875 0.053125 0.053125
0 0.615625 0.478125 0.03828125 0.04296875
0 0.6828125 0.56484375 0.0484375 0.0484375
0 0.65625 0.59140625 0.0578125 0.04296875
0 0.93046875 0.4109375 0.0484375 0.04296875