2 0.24765625 0.41796875 0.259375 0.39921875
2 0.71015625 0.1234375 0.31015625 0.18515625
2 0.709375 0.50234375 0.33671875 0.58671875
2 0.42578125 0.7015625 0.28359375 0.21640625
2 0.46875 0.53828125 0.1734375 0.16796875
2 0.46875 0.33671875 0.15859375 0.23046875
2 0.2015625 0.70078125 0.1875 0.18515625
1 0.25 0.2171875 0.14453125 0.03125
1 0.478125 0.21484375 0.071875 0.03125
1 0.74296875 0.21484375 0.16796875 0.03125
0 0.584375 0.34609375 0.10078125 0.10078125
0 0.6265625 0.17578125 0.084375 0.1109375
0 0.3390625 0.5796875 0.08671875 0.115625
0 0.3171875 0.71484375 0.0765625 0.0796875
0 0.48671875 0.65390625 0.06484375 0.08671875
0 0.50703125 0.796875 0.1109375 0.209375