2 0.1453125 0.384375 0.15625 0.59140625
2 0.20703125 0.7390625 0.27421875 0.0984375
2 0.28984375 0.5890625 0.11328125 0.178125
2 0.28828125 0.35703125 0.10546875 0.24296875
2 0.290625 0.15625 0.1109375 0.1296875
2 0.5203125 0.36328125 0.25703125 0.54296875
2 0.45703125 0.7125 0.134375 0.146875
2 0.5921875 0.71640625 0.11796875 0.14453125
2 0.74609375 0.678125 0.1078125 0.20703125
2 0.8234375 0.43984375 0.26171875 0.7015625
1 0.0640625 0.3953125 0.01171875 0.0890625
1 0.38203125 0.353125 0.0140625 0.09609375
1 0.38203125 0.44453125 0.0140625 0.08203125
1 0.38359375 0.53828125 0.01171875 0.09609375
1 0.89921875 0.79296875 0.0484375 0.02421875
0 0.2671875 0.2640625 0.04296875 0.10078125
0 0.2171875 0.28984375 0.05546875 0.084375
0 0.0984375 0.6453125 0.0578125 0.11328125
0 0.2546875 0.4625 0.04296875 0.09375
0 0.62890625 0.83671875 0.06015625 0.115625
0 0.728125 0.32109375 0.04296875 0.05546875
0 0.72734375 0.42421875 0.0359375 0.06015625
0 0.7234375 0.51796875 0.02890625 0.05546875
0 0.7640625 0.54453125 0.04296875 0.09375