2 0.1078125 0.41015625 0.1390625 0.146875
2 0.178125 0.603125 0.27421875 0.21640625
2 0.38359375 0.49375 0.11796875 0.43984375
2 0.66953125 0.3609375 0.2234375 0.3796875
2 0.74375 0.2796875 0.06953125 0.1078125
2 0.90625 0.13203125 0.10078125 0.053125
2 0.87734375 0.26796875 0.16796875 0.18515625
2 0.8375 0.5421875 0.24765625 0.334375
2 0.634375 0.63671875 0.15390625 0.15859375
2 0.50703125 0.63125 0.0765625 0.1515625
2 0.5890625 0.765625 0.23046875 0.084375
1 0.03515625 0.4265625 0.01171875 0.06484375
1 0.12890625 0.71640625 0.05546875 0.01953125
1 0.3484375 0.7234375 0.0484375 0.0140625
1 0.46640625 0.6296875 0.01953125 0.0484375
1 0.5515625 0.49296875 0.01171875 0.10078125
1 0.5515625 0.259375 0.01171875 0.08671875
1 0.8890625 0.71875 0.125 0.0140625
1 0.9671875 0.2203125 0.021875 0.103125
1 0.62734375 0.72265625 0.053125 0.021875
0 0.50703125 0.74140625 0.0625 0.0796875
0 0.56640625 0.62890625 0.05078125 0.0796875
0 0.88203125 0.39921875 0.08671875 0.08671875
0 0.90234375 0.19609375 0.05078125 0.0796875
0 0.74296875 0.21171875 0.03828125 0.053125
0 0.3078125 0.36796875 0.0484375 0.053125
0 0.12734375 0.521875 0.053125 0.071875
0 0.29453125 0.60234375 0.06484375 0.06953125