1 0.0421875 0.2453125 0.0359375 0.1296875
1 0.04296875 0.3890625 0.02890625 0.0484375
1 0.04921875 0.7953125 0.06953125 0.15859375
1 0.79453125 0.23046875 0.0453125 0.16328125
0 0.8234375 0.35078125 0.11328125 0.10078125
0 0.275 0.2828125 0.07421875 0.0890625
0 0.33671875 0.55078125 0.071875 0.0671875
0 0.41328125 0.66796875 0.09140625 0.115625
0 0.2640625 0.67578125 0.09609375 0.08671875
2 0.19140625 0.24140625 0.290625 0.228125
2 0.25390625 0.4015625 0.12265625 0.134375
2 0.13203125 0.40625 0.1203125 0.14453125
2 0.18515625 0.53359375 0.25 0.196875
2 0.19921875 0.78984375 0.3171875 0.3484375
2 0.55078125 0.3953125 0.5625 0.665625
2 0.88125 0.2515625 0.19453125 0.34375