1 0.0453125 0.23828125 0.04296875 0.134375
1 0.04453125 0.3859375 0.03125 0.05078125
1 0.05078125 0.7984375 0.04296875 0.16328125
1 0.8078125 0.2234375 0.0671875 0.16796875
0 0.8375 0.34609375 0.11796875 0.1109375
0 0.28125 0.2765625 0.071875 0.08671875
0 0.34375 0.54921875 0.08203125 0.0796875
0 0.421875 0.66796875 0.0984375 0.115625
0 0.2703125 0.678125 0.103125 0.09609375
2 0.19609375 0.234375 0.2765625 0.19921875
2 0.259375 0.396875 0.115625 0.1296875
2 0.1359375 0.4015625 0.13671875 0.15859375
2 0.18984375 0.5328125 0.2453125 0.18984375
2 0.2046875 0.7921875 0.3078125 0.34375
2 0.56015625 0.3921875 0.5046875 0.6296875
2 0.896875 0.2453125 0.1921875 0.35078125