2 0.26328125 0.5046875 0.38203125 0.47109375
2 0.39453125 0.69609375 0.1109375 0.06953125
2 0.29921875 0.69921875 0.07421875 0.0671875
2 0.62890625 0.634375 0.2140625 0.196875
2 0.82578125 0.58671875 0.15625 0.115625
2 0.8265625 0.6921875 0.15390625 0.08203125
2 0.78125 0.47734375 0.23046875 0.09375
2 0.5828125 0.4734375 0.12734375 0.10078125
2 0.71171875 0.34375 0.3890625 0.15859375
2 0.796875 0.203125 0.2140625 0.1078125
2 0.34140625 0.2015625 0.22109375 0.1109375
2 0.46640625 0.9046875 0.25 0.0890625
1 0.15859375 0.26328125 0.1390625 0.01171875
1 0.37109375 0.26328125 0.103125 0.021875
1 0.6140625 0.26171875 0.12265625 0.0140625
1 0.82421875 0.2609375 0.10546875 0.00703125
1 0.853125 0.740625 0.0671875 0.01953125
1 0.6078125 0.74140625 0.125 0.0171875
1 0.15859375 0.74296875 0.1203125 0.01953125
0 0.2796875 0.259375 0.084375 0.10546875
0 0.740625 0.26328125 0.08203125 0.103125
0 0.7171875 0.4015625 0.084375 0.04296875
0 0.6828125 0.4734375 0.08203125 0.03828125
0 0.76953125 0.51171875 0.0578125 0.03359375
0 0.70078125 0.5484375 0.06953125 0.053125
0 0.81875 0.63359375 0.06484375 0.040625
0 0.3796875 0.64921875 0.0625 0.03359375
0 0.3078125 0.68515625 0.0765625 0.0484375
0 0.29453125 0.759375 0.11328125 0.0625
0 0.31015625 0.93046875 0.10078125 0.053125