2 0.1765625 0.259375 0.353125 0.4515625
2 0.17578125 0.67890625 0.321875 0.43515625
2 0.57578125 0.46484375 0.584375 0.87265625
2 0.72109375 0.67578125 0.25 0.41796875
2 0.89296875 0.46015625 0.19453125 0.834375
1 0.828125 0.20078125 0.0453125 0.30546875
1 0.43046875 0.0453125 0.115625 0.03359375
1 0.0328125 0.35078125 0.06015625 0.23046875
1 0.03515625 0.60546875 0.0265625 0.23046875
0 0.2859375 0.415625 0.08203125 0.10078125
0 0.28984375 0.6109375 0.09375 0.1203125
0 0.69921875 0.42578125 0.071875 0.1296875
0 0.85703125 0.40625 0.084375 0.10546875
0 0.4515625 0.7671875 0.09140625 0.1109375
0 0.5921875 0.5921875 0.0890625 0.13203125
0 0.35234375 0.93515625 0.09375 0.1296875