2 0.18125 0.26171875 0.334375 0.4421875
2 0.18125 0.67578125 0.2859375 0.41328125
2 0.578125 0.4640625 0.5796875 0.8609375
2 0.72109375 0.6734375 0.27421875 0.41796875
2 0.890625 0.4578125 0.21875 0.82421875
1 0.8265625 0.2015625 0.053125 0.2984375
1 0.43359375 0.04921875 0.11328125 0.03125
1 0.03984375 0.35078125 0.06015625 0.23046875
1 0.0421875 0.60234375 0.040625 0.228125
0 0.290625 0.415625 0.09140625 0.10546875
0 0.29453125 0.60703125 0.09375 0.11796875
0 0.69921875 0.42421875 0.09140625 0.1421875
0 0.85546875 0.4046875 0.09609375 0.11328125
0 0.4546875 0.76171875 0.0765625 0.10078125
0 0.59375 0.58984375 0.08203125 0.12734375
0 0.35703125 0.93125 0.103125 0.13671875