2 0.17578125 0.2546875 0.29296875 0.428125
2 0.17578125 0.68515625 0.27421875 0.41328125
2 0.58671875 0.46640625 0.678125 0.9234375
2 0.7359375 0.6828125 0.27890625 0.4328125
2 0.88046875 0.45859375 0.2390625 0.8453125
1 0.8453125 0.19453125 0.03125 0.3125
1 0.4359375 0.03515625 0.11796875 0.0265625
1 0.03125 0.3484375 0.0625 0.2359375
1 0.03125 0.609375 0.03359375 0.23828125
0 0.28828125 0.41484375 0.09140625 0.1078125
0 0.2921875 0.615625 0.0890625 0.1203125
0 0.7125 0.42421875 0.084375 0.1421875
0 0.875 0.40390625 0.10078125 0.115625
0 0.459375 0.775 0.08671875 0.11328125
0 0.603125 0.59609375 0.08203125 0.134375
0 0.35703125 0.93828125 0.1078125 0.1234375