2 0.61875 0.103125 0.0984375 0.071875
2 0.42578125 0.22109375 0.1109375 0.16328125
2 0.5203125 0.22109375 0.103125 0.16328125
2 0.6203125 0.22109375 0.115625 0.16328125
2 0.7078125 0.1875 0.0890625 0.10078125
2 0.71015625 0.26953125 0.06953125 0.0765625
2 0.5984375 0.41015625 0.3078125 0.25703125
2 0.41328125 0.334375 0.08203125 0.0671875
2 0.42578125 0.44375 0.1109375 0.1609375
2 0.27265625 0.56484375 0.11328125 0.0765625
2 0.26953125 0.7328125 0.16328125 0.2640625
0 0.27421875 0.8921875 0.08671875 0.071875
0 0.33671875 0.58671875 0.03828125 0.03828125
0 0.46171875 0.384375 0.02890625 0.0484375
0 0.40390625 0.37734375 0.03359375 0.03359375
0 0.4671875 0.2875 0.021875 0.0359375
0 0.54921875 0.2859375 0.03125 0.04296875
0 0.6421875 0.13203125 0.03359375 0.03828125
0 0.68125 0.20078125 0.03125 0.0265625
0 0.728125 0.22109375 0.02890625 0.03828125
0 0.48828125 0.50625 0.02890625 0.03125
1 0.4203125 0.521875 0.053125 0.02421875
1 0.33046875 0.68515625 0.0171875 0.08203125
1 0.5671875 0.51953125 0.04296875 0.0140625
1 0.665625 0.51953125 0.053125 0.0140625
1 0.4265625 0.1453125 0.05078125 0.0265625
1 0.52734375 0.14296875 0.0453125 0.0171875