2 0.63203125 0.08046875 0.09609375 0.06953125
2 0.44140625 0.196875 0.1078125 0.16328125
2 0.53359375 0.196875 0.09140625 0.15859375
2 0.634375 0.1984375 0.1296875 0.1703125
2 0.7203125 0.16328125 0.084375 0.10078125
2 0.72265625 0.2453125 0.06953125 0.071875
2 0.61171875 0.38359375 0.28125 0.21875
2 0.42890625 0.30859375 0.0796875 0.06953125
2 0.4390625 0.4171875 0.09375 0.1515625
2 0.28984375 0.5375 0.11796875 0.07421875
2 0.2859375 0.7046875 0.134375 0.259375
0 0.290625 0.8609375 0.08671875 0.0765625
0 0.353125 0.5578125 0.03828125 0.03828125
0 0.47578125 0.3578125 0.03359375 0.0484375
0 0.41953125 0.35078125 0.0359375 0.03828125
0 0.48203125 0.26171875 0.021875 0.03359375
0 0.5640625 0.26171875 0.03125 0.04296875
0 0.65390625 0.1078125 0.02890625 0.03359375
0 0.69453125 0.178125 0.03359375 0.02890625
0 0.740625 0.196875 0.02421875 0.03359375
0 0.5015625 0.4796875 0.0265625 0.03125
1 0.4359375 0.49375 0.05078125 0.0265625
1 0.34609375 0.65625 0.009375 0.08203125
1 0.58203125 0.49296875 0.04296875 0.0140625
1 0.678125 0.49140625 0.0484375 0.0265625
1 0.4421875 0.12265625 0.053125 0.02890625
1 0.5421875 0.1203125 0.0453125 0.01953125