2 0.6234375 0.09375 0.09375 0.0671875
2 0.4359375 0.209375 0.09375 0.14921875
2 0.52734375 0.209375 0.1078125 0.15859375
2 0.6265625 0.209375 0.12734375 0.16796875
2 0.71015625 0.17578125 0.0890625 0.10078125
2 0.7140625 0.25625 0.0671875 0.06953125
2 0.6046875 0.3921875 0.2765625 0.21640625
2 0.42421875 0.31875 0.0796875 0.06953125
2 0.43359375 0.42578125 0.103125 0.15859375
2 0.2875 0.54453125 0.11796875 0.084375
2 0.28359375 0.7078125 0.15859375 0.25703125
0 0.28828125 0.86328125 0.09140625 0.08203125
0 0.35 0.5640625 0.040625 0.040625
0 0.47109375 0.36796875 0.02890625 0.04296875
0 0.41484375 0.3609375 0.03125 0.03359375
0 0.47578125 0.27265625 0.02421875 0.0359375
0 0.55625 0.271875 0.03125 0.04296875
0 0.646875 0.12109375 0.02890625 0.03125
0 0.6859375 0.1890625 0.0265625 0.0265625
0 0.73046875 0.209375 0.01953125 0.03359375
0 0.4953125 0.48671875 0.02890625 0.03125
1 0.43125 0.50234375 0.05078125 0.02421875
1 0.3421875 0.6609375 0.021875 0.08203125
1 0.57421875 0.5 0.04296875 0.0140625
1 0.66953125 0.4984375 0.05078125 0.021875
1 0.4375 0.134375 0.0484375 0.02421875
1 0.53515625 0.13359375 0.0453125 0.021875