2 0.42890625 0.0875 0.2765625 0.146875
2 0.49140625 0.2640625 0.2859375 0.15859375
2 0.4953125 0.47578125 0.27421875 0.240625
2 0.49375 0.7765625 0.271875 0.35078125
2 0.3109375 0.4234375 0.0796875 0.5
2 0.8171875 0.38203125 0.26953125 0.39453125
2 0.74765625 0.6984375 0.1390625 0.19921875
2 0.7515625 0.87890625 0.146875 0.1515625
2 0.88671875 0.69453125 0.134375 0.20703125
2 0.88828125 0.8734375 0.13203125 0.1609375
1 0.4359375 0.178125 0.021875 0.01953125
1 0.4796875 0.1765625 0.03125 0.021875
1 0.5875 0.17578125 0.040625 0.02421875
1 0.38203125 0.959375 0.03828125 0.02421875
1 0.48671875 0.96015625 0.021875 0.021875
1 0.51953125 0.96484375 0.02421875 0.021875
1 0.63671875 0.83046875 0.01953125 0.040625
1 0.640625 0.68984375 0.0171875 0.1390625
1 0.6390625 0.546875 0.0140625 0.06953125
1 0.63828125 0.3953125 0.0171875 0.06484375
1 0.6390625 0.28828125 0.0140625 0.03359375
1 0.671875 0.6453125 0.0171875 0.0359375
1 0.6703125 0.9171875 0.009375 0.06484375
1 0.7015625 0.96015625 0.0484375 0.01171875
1 0.80390625 0.959375 0.0265625 0.02890625
1 0.8421875 0.9640625 0.03125 0.0140625
1 0.96015625 0.83046875 0.01171875 0.040625
1 0.9640625 0.7234375 0.009375 0.02890625
1 0.959375 0.6609375 0.0140625 0.02890625
0 0.85 0.64453125 0.040625 0.053125
1 0.8453125 0.59140625 0.0265625 0.0140625
1 0.74140625 0.5921875 0.0890625 0.0171875
0 0.58984375 0.2921875 0.03125 0.06015625
0 0.51796875 0.29296875 0.0265625 0.053125
0 0.54453125 0.296875 0.03125 0.05546875
0 0.33671875 0.29921875 0.03828125 0.040625
0 0.3375 0.515625 0.040625 0.05078125