2 0.0578125 0.19140625 0.10546875 0.146875
2 0.06875 0.43515625 0.13671875 0.35078125
2 0.1734375 0.36640625 0.14453125 0.53125
2 0.11875 0.6546875 0.2234375 0.06015625
2 0.28984375 0.71875 0.1078125 0.1828125
2 0.38828125 0.7203125 0.12265625 0.18515625
2 0.2703125 0.353125 0.06015625 0.1296875
2 0.32421875 0.33671875 0.0578125 0.115625
2 0.39765625 0.39453125 0.12734375 0.240625
2 0.328125 0.45078125 0.06015625 0.11328125
2 0.3390625 0.5265625 0.22109375 0.23046875
2 0.3375 0.1921875 0.2140625 0.16328125
2 0.59609375 0.3609375 0.22109375 0.4953125
2 0.81640625 0.1875 0.21875 0.16328125
2 0.8171875 0.5484375 0.259375 0.54296875
2 0.73671875 0.3484375 0.06953125 0.1390625
2 0.7859375 0.353125 0.053125 0.134375
2 0.74296875 0.4671875 0.0625 0.1078125
2 0.7859375 0.46640625 0.03828125 0.09609375
1 0.3390625 0.10546875 0.16796875 0.0140625
1 0.39296875 0.81875 0.05546875 0.040625
1 0.28359375 0.82109375 0.04296875 0.0265625
1 0.44453125 0.571875 0.0140625 0.09609375
1 0.81953125 0.11171875 0.1734375 0.03125
1 0.74140625 0.2703125 0.0453125 0.021875
1 0.7921875 0.2828125 0.0453125 0.0359375
1 0.865625 0.271875 0.08671875 0.02890625
1 0.76328125 0.81484375 0.05546875 0.02890625
1 0.8703125 0.82578125 0.03828125 0.021875
1 0.921875 0.7296875 0.0265625 0.09375
1 0.92578125 0.5765625 0.0140625 0.10546875
0 0.1296875 0.2046875 0.0484375 0.071875
0 0.28125 0.24296875 0.03359375 0.053125
0 0.36796875 0.24375 0.03359375 0.05546875
0 0.28359375 0.390625 0.03828125 0.05078125
0 0.36875 0.49296875 0.0265625 0.0578125
0 0.4125 0.6546875 0.03125 0.06953125
0 0.27421875 0.6625 0.03828125 0.06015625
0 0.7015625 0.5453125 0.03828125 0.053125
0 0.7546875 0.30625 0.02890625 0.05078125
0 0.7515625 0.3890625 0.0359375 0.053125
0 0.75234375 0.446875 0.02890625 0.053125