2 0.1 0.18515625 0.1078125 0.14453125
2 0.1 0.4171875 0.11328125 0.334375
2 0.209375 0.35078125 0.2015625 0.4953125
2 0.15859375 0.62265625 0.21171875 0.09140625
2 0.31875 0.6828125 0.11328125 0.1828125
2 0.4109375 0.68359375 0.115625 0.17578125
2 0.30078125 0.3390625 0.053125 0.125
2 0.353125 0.31953125 0.0484375 0.10546875
2 0.4203125 0.37734375 0.08203125 0.22578125
2 0.3546875 0.43046875 0.06484375 0.1109375
2 0.365625 0.5015625 0.20703125 0.2140625
2 0.3640625 0.1859375 0.209375 0.1609375
2 0.6078125 0.34609375 0.303125 0.490625
2 0.81484375 0.18125 0.196875 0.1421875
2 0.8171875 0.521875 0.27890625 0.5140625
2 0.740625 0.3328125 0.0671875 0.13203125
2 0.7875 0.33671875 0.05546875 0.125
2 0.74609375 0.44609375 0.06015625 0.0984375
2 0.7859375 0.44453125 0.0484375 0.09609375
1 0.365625 0.10546875 0.15390625 0.01953125
1 0.415625 0.77734375 0.0484375 0.03125
1 0.3125 0.77890625 0.04296875 0.02890625
1 0.4640625 0.54296875 0.0140625 0.09609375
1 0.81875 0.1109375 0.1609375 0.03828125
1 0.7453125 0.259375 0.04296875 0.01953125
1 0.79296875 0.271875 0.03828125 0.02890625
1 0.86171875 0.2609375 0.084375 0.0359375
1 0.765625 0.77421875 0.05078125 0.02890625
1 0.86640625 0.78359375 0.0359375 0.02421875
1 0.915625 0.6921875 0.0140625 0.09609375
1 0.9171875 0.5484375 0.0171875 0.10078125
0 0.16796875 0.196875 0.03828125 0.0625
0 0.3109375 0.2328125 0.0265625 0.0484375
0 0.39296875 0.234375 0.0265625 0.05078125
0 0.3140625 0.3734375 0.03125 0.0453125
0 0.39296875 0.46875 0.0265625 0.053125
0 0.43359375 0.62265625 0.0359375 0.0671875
0 0.30390625 0.62890625 0.03125 0.05546875
0 0.7078125 0.51953125 0.0359375 0.053125
0 0.75703125 0.29453125 0.02890625 0.0453125
0 0.75390625 0.37265625 0.0359375 0.053125
0 0.75390625 0.42578125 0.0359375 0.053125