2 0.09609375 0.18359375 0.1203125 0.1515625
2 0.09609375 0.421875 0.134375 0.34375
2 0.2078125 0.353125 0.12265625 0.5140625
2 0.15625 0.63203125 0.22109375 0.08203125
2 0.31953125 0.69453125 0.125 0.1875
2 0.415625 0.696875 0.115625 0.178125
2 0.303125 0.33984375 0.053125 0.12734375
2 0.3546875 0.321875 0.06015625 0.115625
2 0.42578125 0.38125 0.09609375 0.2328125
2 0.3578125 0.43515625 0.053125 0.10546875
2 0.36875 0.50859375 0.19921875 0.209375
2 0.36796875 0.18515625 0.2015625 0.14921875
2 0.61796875 0.34765625 0.259375 0.49765625
2 0.8296875 0.17890625 0.21640625 0.1703125
2 0.83203125 0.52890625 0.2453125 0.52421875
2 0.75390625 0.33515625 0.06484375 0.13671875
2 0.8015625 0.3390625 0.05078125 0.1296875
2 0.759375 0.4515625 0.0484375 0.09609375
2 0.80078125 0.45078125 0.053125 0.0984375
1 0.36875 0.10078125 0.1609375 0.01953125
1 0.4203125 0.7921875 0.0484375 0.03125
1 0.31484375 0.79296875 0.04296875 0.02890625
1 0.4703125 0.553125 0.01171875 0.09609375
1 0.834375 0.10703125 0.16796875 0.03125
1 0.75859375 0.259375 0.0453125 0.02890625
1 0.8078125 0.27265625 0.04296875 0.0359375
1 0.87734375 0.26171875 0.08671875 0.03828125
1 0.77890625 0.78828125 0.053125 0.01953125
1 0.88359375 0.7984375 0.0359375 0.01953125
1 0.9328125 0.7046875 0.009375 0.09609375
1 0.93515625 0.55625 0.02890625 0.0984375
0 0.165625 0.19609375 0.03359375 0.06484375
0 0.3125 0.2328125 0.02890625 0.053125
0 0.396875 0.234375 0.02421875 0.05078125
0 0.31484375 0.37734375 0.02890625 0.0484375
0 0.39765625 0.475 0.03125 0.05546875
0 0.4390625 0.63203125 0.0359375 0.0671875
0 0.30546875 0.6390625 0.03359375 0.0578125
0 0.7203125 0.5265625 0.040625 0.053125
0 0.7703125 0.2953125 0.0265625 0.0484375
0 0.7671875 0.3765625 0.03828125 0.05546875
0 0.76796875 0.4328125 0.0265625 0.053125