2 0.11796875 0.3171875 0.14921875 0.3078125
2 0.1140625 0.5984375 0.1421875 0.2359375
2 0.22265625 0.2703125 0.0890625 0.2140625
2 0.30859375 0.21484375 0.06953125 0.103125
2 0.3078125 0.3234375 0.0671875 0.103125
2 0.29453125 0.0984375 0.19453125 0.0765625
2 0.65390625 0.2484375 0.2453125 0.44453125
2 0.86328125 0.25859375 0.1390625 0.19921875
2 0.8859375 0.428125 0.084375 0.1109375
2 0.81953125 0.5328125 0.0765625 0.32421875
2 0.8859375 0.5453125 0.09375 0.1296875
2 0.8921875 0.65390625 0.0765625 0.08203125
2 0.85546875 0.8078125 0.1390625 0.21640625
2 0.52734375 0.7140625 0.49765625 0.40390625
2 0.43125 0.328125 0.1609375 0.31953125
2 0.2703125 0.5453125 0.1609375 0.33203125
2 0.24140625 0.83984375 0.05546875 0.19921875
1 0.03515625 0.59765625 0.0171875 0.1421875
1 0.0375 0.3453125 0.0171875 0.13671875
1 0.3453125 0.93515625 0.06015625 0.03828125
1 0.64921875 0.9375 0.1875 0.02890625
1 0.81640625 0.93515625 0.06484375 0.02421875
1 0.64765625 0.484375 0.18984375 0.0359375
1 0.8859375 0.14453125 0.06015625 0.02890625
1 0.94140625 0.2703125 0.0171875 0.0890625
1 0.93984375 0.53125 0.0140625 0.3265625
0 0.22265625 0.1203125 0.040625 0.09140625
0 0.303125 0.12265625 0.04296875 0.09140625
0 0.17578125 0.43359375 0.04296875 0.06484375
0 0.171875 0.5171875 0.040625 0.0625
0 0.28984375 0.41484375 0.03125 0.0796875
0 0.54296875 0.44140625 0.03359375 0.06953125
0 0.7703125 0.43359375 0.0453125 0.06484375
0 0.76171875 0.5421875 0.0484375 0.06484375
0 0.8453125 0.67421875 0.0453125 0.06953125
0 0.25234375 0.76953125 0.03828125 0.0765625