2 0.35546875 0.10234375 0.33203125 0.19921875
2 0.71640625 0.11640625 0.33671875 0.2328125
2 0.62109375 0.29453125 0.646875 0.18046875
2 0.5890625 0.44375 0.5765625 0.228125
2 0.3703125 0.60234375 0.5140625 0.26171875
2 0.2671875 0.7546875 0.3171875 0.1390625
2 0.19140625 0.8921875 0.1703125 0.1390625
2 0.34765625 0.91328125 0.13203125 0.1109375
2 0.56875 0.896875 0.2859375 0.14453125
2 0.78125 0.896875 0.15859375 0.125
2 0.7140625 0.7546875 0.3171875 0.16796875
2 0.7796875 0.6046875 0.3484375 0.19921875
2 0.49375 0.75859375 0.12734375 0.1515625
0 0.49609375 0.84609375 0.12265625 0.0484375
0 0.25859375 0.89765625 0.12734375 0.06015625
0 0.2484375 0.84765625 0.0984375 0.06015625
0 0.22578125 0.71015625 0.071875 0.0453125
0 0.08046875 0.6625 0.12734375 0.06953125
0 0.33984375 0.6703125 0.12265625 0.071875
0 0.60078125 0.7125 0.08203125 0.0453125
0 0.46640625 0.5921875 0.10078125 0.0453125
0 0.6546875 0.546875 0.0984375 0.06015625
1 0.4234375 0.9625 0.259375 0.040625
1 0.87734375 0.7640625 0.02421875 0.125
1 0.86875 0.87890625 0.05546875 0.0984375
1 0.88203125 0.4546875 0.03359375 0.08671875
1 0.9671875 0.3015625 0.05078125 0.146875
1 0.921875 0.38671875 0.05546875 0.02421875
1 0.5484375 0.09140625 0.0484375 0.14453125
1 0.6703125 0.01953125 0.22109375 0.03828125
1 0.36875 0.2046875 0.11796875 0.03359375
1 0.09140625 0.82109375 0.02421875 0.15625
1 0.1 0.56953125 0.0359375 0.071875
1 0.18515625 0.52734375 0.15859375 0.0359375
1 0.9125 0.69609375 0.05546875 0.03125
0 0.72265625 0.19453125 0.11796875 0.053125