2 0.371875 0.1078125 0.35625 0.215625
2 0.74765625 0.11875 0.3484375 0.2375
2 0.65 0.30546875 0.67578125 0.2359375
2 0.615625 0.459375 0.59609375 0.2453125
2 0.3890625 0.625 0.53359375 0.27421875
2 0.28125 0.7828125 0.33671875 0.15625
2 0.203125 0.92421875 0.18046875 0.146875
2 0.3640625 0.94453125 0.13203125 0.1109375
2 0.5921875 0.91484375 0.31484375 0.1703125
2 0.81484375 0.925 0.1828125 0.15
2 0.7453125 0.7828125 0.321875 0.1421875
2 0.81484375 0.6265625 0.3609375 0.209375
2 0.5171875 0.7859375 0.14453125 0.16328125
0 0.5203125 0.87734375 0.13203125 0.071875
0 0.27265625 0.93125 0.12734375 0.05078125
0 0.2640625 0.87890625 0.10078125 0.06015625
0 0.23828125 0.73671875 0.08203125 0.05546875
0 0.0875 0.6875 0.13203125 0.0671875
0 0.3578125 0.69453125 0.125 0.08203125
0 0.62734375 0.740625 0.08671875 0.053125
0 0.4890625 0.6140625 0.103125 0.05078125
0 0.68515625 0.5671875 0.10078125 0.0625
1 0.44140625 0.98671875 0.271875 0.0265625
1 0.91484375 0.7921875 0.03125 0.13203125
1 0.9078125 0.9109375 0.06484375 0.10546875
1 0.91953125 0.47109375 0.040625 0.09140625
1 0.9890625 0.31015625 0.021875 0.14921875
1 0.96171875 0.4 0.0578125 0.0171875
1 0.5734375 0.09375 0.0453125 0.14921875
1 0.70078125 0.02265625 0.228125 0.0453125
1 0.38671875 0.21171875 0.1203125 0.02890625
1 0.1 0.85078125 0.0171875 0.16328125
1 0.1078125 0.58984375 0.04296875 0.0796875
1 0.196875 0.546875 0.16328125 0.0265625
1 0.9515625 0.72109375 0.0578125 0.03828125
0 0.7546875 0.2015625 0.125 0.04296875