2 0.33984375 0.0890625 0.353125 0.178125
2 0.71484375 0.10078125 0.34375 0.2015625
2 0.61796875 0.26953125 0.66796875 0.29296875
2 0.584375 0.4234375 0.59609375 0.25
2 0.3578125 0.58671875 0.53359375 0.25
2 0.25 0.7453125 0.34140625 0.1921875
2 0.1734375 0.884375 0.16796875 0.1296875
2 0.334375 0.9078125 0.134375 0.11328125
2 0.5625 0.8921875 0.3125 0.2015625
2 0.7828125 0.890625 0.1703125 0.13671875
2 0.7125 0.74375 0.32421875 0.1703125
2 0.78125 0.5890625 0.34609375 0.16328125
2 0.484375 0.74765625 0.12265625 0.14453125
0 0.48828125 0.8375 0.125 0.05078125
0 0.24296875 0.8921875 0.1296875 0.053125
0 0.23203125 0.83984375 0.0984375 0.05546875
0 0.2078125 0.6984375 0.0796875 0.06015625
0 0.0625 0.646875 0.125 0.09140625
0 0.3265625 0.65625 0.125 0.08203125
0 0.59375 0.7015625 0.08671875 0.053125
0 0.45703125 0.57578125 0.1109375 0.06015625
0 0.6515625 0.53125 0.10546875 0.071875
1 0.41015625 0.9578125 0.2671875 0.0453125
1 0.88125 0.7546875 0.03125 0.1296875
1 0.87265625 0.87109375 0.0484375 0.0984375
1 0.8859375 0.43515625 0.0453125 0.09140625
1 0.9734375 0.2765625 0.0484375 0.14921875
1 0.928125 0.3640625 0.0578125 0.021875
1 0.540625 0.06640625 0.053125 0.13203125
1 0.35546875 0.178125 0.1203125 0.03359375
1 0.06953125 0.8125 0.03359375 0.15859375
1 0.078125 0.553125 0.040625 0.0765625
1 0.1671875 0.509375 0.15625 0.0484375
1 0.9171875 0.68515625 0.05546875 0.02890625
0 0.72109375 0.165625 0.125 0.04296875