2 0.38359375 0.1703125 0.6671875 0.340625
2 0.8609375 0.68125 0.25 0.1515625
2 0.56875 0.84921875 0.3375 0.3015625
2 0.18515625 0.51328125 0.2546875 0.40625
2 0.22578125 0.6046875 0.125 0.2046875
2 0.6265625 0.3703125 0.7046875 0.3890625
2 0.90390625 0.5578125 0.125 0.1109375
2 0.75703125 0.6109375 0.20703125 0.22109375
2 0.61328125 0.6046875 0.10546875 0.2046875
2 0.50390625 0.6078125 0.18046875 0.22578125
2 0.359375 0.6046875 0.1421875 0.19921875
1 0.1453125 0.31015625 0.0890625 0.04296875
1 0.07109375 0.625 0.0171875 0.053125
1 0.071875 0.48828125 0.02421875 0.053125
1 0.22265625 0.71875 0.06484375 0.03828125
1 0.35 0.72109375 0.0984375 0.03828125
1 0.5125 0.98515625 0.05625 0.0296875
1 0.62578125 0.98515625 0.0515625 0.0296875
1 0.9734375 0.27265625 0.01953125 0.03125
1 0.978125 0.37265625 0.0140625 0.03359375
1 0.97578125 0.46171875 0.01953125 0.02890625
1 0.80546875 0.21640625 0.053125 0.03359375
1 0.5421875 0.22109375 0.06484375 0.03359375
1 0.38828125 0.22109375 0.06953125 0.02890625
0 0.678125 0.20078125 0.0484375 0.06953125
0 0.5984375 0.52890625 0.0484375 0.0625
0 0.84609375 0.39453125 0.04296875 0.0625
0 0.8609375 0.259375 0.0484375 0.0484375
0 0.9 0.44609375 0.06015625 0.06953125
0 0.9046875 0.6515625 0.05078125 0.0671875
0 0.77734375 0.65390625 0.05546875 0.0765625
0 0.36640625 0.4859375 0.06953125 0.0578125
0 0.2359375 0.4828125 0.0484375 0.0625
0 0.2359375 0.2859375 0.0625 0.08203125
0 0.23046875 0.53125 0.04296875 0.0484375
0 0.240625 0.58046875 0.053125 0.06484375
0 0.1828125 0.6359375 0.0578125 0.06484375
0 0.50859375 0.80390625 0.0453125 0.06015625
0 0.39765625 0.94375 0.05546875 0.06015625