2 0.37265625 0.17890625 0.66796875 0.3578125
2 0.84375 0.68359375 0.240625 0.11796875
2 0.5546875 0.84921875 0.3375 0.3015625
2 0.17578125 0.51796875 0.21640625 0.3921875
2 0.21484375 0.6078125 0.15625 0.21640625
2 0.6109375 0.3765625 0.6921875 0.32421875
2 0.8859375 0.5609375 0.12265625 0.1078125
2 0.7390625 0.6140625 0.209375 0.228125
2 0.59765625 0.6078125 0.103125 0.2015625
2 0.490625 0.6109375 0.16328125 0.21640625
2 0.34765625 0.6078125 0.1703125 0.21640625
1 0.1359375 0.31640625 0.0890625 0.040625
1 0.0609375 0.6296875 0.0171875 0.053125
1 0.0640625 0.49140625 0.0265625 0.05078125
1 0.21171875 0.7203125 0.0625 0.0359375
1 0.3375 0.72109375 0.0984375 0.03828125
1 0.5 0.98515625 0.053125 0.0296875
1 0.6109375 0.98515625 0.05 0.0296875
1 0.9546875 0.27890625 0.02421875 0.03359375
1 0.959375 0.3796875 0.0140625 0.03359375
1 0.95703125 0.46640625 0.01953125 0.02890625
1 0.78828125 0.2234375 0.053125 0.02890625
1 0.52734375 0.228125 0.06484375 0.03359375
1 0.375 0.228125 0.0671875 0.0140625
0 0.66328125 0.2078125 0.0484375 0.06953125
0 0.5828125 0.5328125 0.0453125 0.06015625
0 0.8296875 0.4 0.04296875 0.06484375
0 0.8421875 0.2671875 0.05546875 0.053125
0 0.88359375 0.45078125 0.05546875 0.06484375
0 0.88671875 0.6546875 0.053125 0.06484375
0 0.76171875 0.65625 0.0625 0.0765625
0 0.3546875 0.4890625 0.06953125 0.06015625
0 0.225 0.48671875 0.05078125 0.06484375
0 0.225 0.29296875 0.05546875 0.0765625
0 0.22109375 0.53515625 0.04296875 0.05078125
0 0.23046875 0.584375 0.053125 0.0671875
0 0.1734375 0.6390625 0.0484375 0.0578125
0 0.4953125 0.80546875 0.0484375 0.0625
0 0.384375 0.94453125 0.0625 0.0625