2 0.2171875 0.14765625 0.31015625 0.2953125
2 0.21484375 0.4578125 0.31015625 0.36796875
2 0.59609375 0.33203125 0.5625 0.66328125
2 0.86640625 0.18984375 0.11796875 0.321875
2 0.65 0.6265625 0.415625 0.56953125
2 0.7390625 0.80078125 0.146875 0.1921875
2 0.615625 0.7984375 0.134375 0.1875
1 0.8140625 0.15234375 0.05546875 0.23828125
1 0.8109375 0.5953125 0.0265625 0.2046875
1 0.8109375 0.7671875 0.03125 0.115625
1 0.0796875 0.15 0.0140625 0.18515625
1 0.08203125 0.421875 0.01953125 0.146875
1 0.0796875 0.55078125 0.02421875 0.071875
0 0.3765625 0.24296875 0.06953125 0.0765625
0 0.38203125 0.40625 0.0765625 0.08671875
0 0.81484375 0.30390625 0.125 0.084375
0 0.74765625 0.66953125 0.0578125 0.084375
0 0.396875 0.67421875 0.071875 0.0984375
0 0.45078125 0.7328125 0.0796875 0.09140625
0 0.54296875 0.79296875 0.0671875 0.071875
0 0.37265625 0.59765625 0.0625 0.05546875