2 0.21171875 0.14296875 0.28359375 0.26171875
2 0.2078125 0.45546875 0.290625 0.3578125
2 0.5921875 0.3265625 0.50703125 0.634375
2 0.865625 0.18359375 0.125 0.32421875
2 0.646875 0.6234375 0.41328125 0.56953125
2 0.7359375 0.79921875 0.15390625 0.19453125
2 0.6109375 0.7984375 0.1390625 0.1921875
1 0.8109375 0.14765625 0.06953125 0.2328125
1 0.8078125 0.5921875 0.04296875 0.2046875
1 0.80859375 0.7671875 0.0359375 0.115625
1 0.06953125 0.1453125 0.04296875 0.18046875
1 0.0734375 0.41796875 0.0171875 0.14921875
1 0.07109375 0.5484375 0.0171875 0.071875
0 0.3703125 0.2390625 0.0671875 0.0796875
0 0.3765625 0.40390625 0.0890625 0.09609375
0 0.8125 0.30078125 0.1390625 0.1109375
0 0.74375 0.66796875 0.06953125 0.09140625
0 0.3921875 0.6734375 0.08671875 0.10546875
0 0.44609375 0.73203125 0.0890625 0.103125
0 0.53828125 0.7921875 0.0671875 0.06953125
0 0.365625 0.5953125 0.0578125 0.05546875