2 0.2171875 0.1359375 0.28125 0.25703125
2 0.21640625 0.45703125 0.27890625 0.34609375
2 0.6109375 0.32421875 0.509375 0.64453125
2 0.88828125 0.178125 0.11328125 0.33203125
2 0.665625 0.6296875 0.4328125 0.58671875
2 0.75625 0.81015625 0.146875 0.1921875
2 0.62890625 0.8078125 0.1515625 0.196875
1 0.834375 0.1421875 0.02890625 0.25
1 0.83046875 0.5984375 0.0359375 0.21171875
1 0.83203125 0.7765625 0.02421875 0.1203125
1 0.0734375 0.1390625 0.0453125 0.1875
1 0.0765625 0.41796875 0.03359375 0.15390625
1 0.07578125 0.553125 0.0265625 0.0765625
0 0.38203125 0.234375 0.0765625 0.084375
0 0.38828125 0.40390625 0.0796875 0.09140625
0 0.83515625 0.2984375 0.13203125 0.09140625
0 0.765625 0.67578125 0.06953125 0.09140625
0 0.40234375 0.68046875 0.0796875 0.10546875
0 0.459375 0.740625 0.08203125 0.10078125
0 0.55546875 0.803125 0.0671875 0.0671875
0 0.3765625 0.60078125 0.06015625 0.053125