2 0.396875 0.19453125 0.1828125 0.26953125
2 0.5921875 0.1921875 0.19453125 0.27890625
2 0.4484375 0.515625 0.2859375 0.353125
2 0.55390625 0.6734375 0.07421875 0.03828125
2 0.6453125 0.4515625 0.084375 0.21640625
2 0.64453125 0.63359375 0.08203125 0.11796875
2 0.65 0.77265625 0.084375 0.146875
2 0.55859375 0.7609375 0.084375 0.11796875
2 0.40390625 0.77734375 0.21171875 0.146875
1 0.415625 0.05625 0.09140625 0.0265625
1 0.5875 0.05625 0.103125 0.0171875
1 0.4109375 0.69453125 0.10078125 0.01953125
1 0.66328125 0.56484375 0.04296875 0.0140625
0 0.59140625 0.78125 0.071875 0.071875
0 0.56640625 0.725 0.06484375 0.09375
0 0.56875 0.61328125 0.05546875 0.0765625
0 0.62734375 0.55390625 0.04296875 0.06953125
0 0.58046875 0.4265625 0.06953125 0.084375
0 0.55546875 0.3109375 0.053125 0.06953125
0 0.4625 0.3140625 0.0453125 0.0796875