2 0.18125 0.10546875 0.2671875 0.16328125
2 0.22578125 0.44609375 0.4515625 0.540625
2 0.2171875 0.84140625 0.38671875 0.28828125
2 0.55546875 0.9046875 0.28359375 0.17578125
2 0.60703125 0.7046875 0.37734375 0.21640625
2 0.90625 0.71875 0.1828125 0.14453125
2 0.85234375 0.3890625 0.2953125 0.3796875
2 0.55859375 0.3890625 0.3296875 0.40859375
1 0.1765625 0.03359375 0.25234375 0.0671875
1 0.13828125 0.19453125 0.15625 0.0625
1 0.0140625 0.58671875 0.0140625 0.10546875
1 0.01796875 0.83203125 0.0359375 0.1828125
1 0.55390625 0.1890625 0.165625 0.05078125
1 0.859375 0.19375 0.17578125 0.06015625
0 0.7515625 0.55546875 0.084375 0.09609375
0 0.646875 0.55546875 0.08203125 0.08671875
0 0.78515625 0.740625 0.084375 0.071875
0 0.76328125 0.834375 0.11796875 0.1828125
0 0.5265625 0.790625 0.08203125 0.10546875
0 0.38203125 0.6421875 0.0671875 0.071875
0 0.37734375 0.74296875 0.09140625 0.09140625
0 0.26796875 0.196875 0.12265625 0.21640625