2 0.1875 0.10703125 0.26953125 0.165625
2 0.225 0.44375 0.44921875 0.53125
2 0.2234375 0.834375 0.39453125 0.303125
2 0.5578125 0.896875 0.28359375 0.178125
2 0.6109375 0.69921875 0.3890625 0.2453125
2 0.90390625 0.7140625 0.1921875 0.15859375
2 0.84921875 0.3875 0.3015625 0.3875
2 0.5609375 0.38828125 0.3296875 0.4015625
1 0.18359375 0.03125 0.25234375 0.0625
1 0.1453125 0.19609375 0.15625 0.0453125
1 0.021875 0.58203125 0.02421875 0.10546875
1 0.0265625 0.82421875 0.053125 0.178125
1 0.55625 0.18984375 0.1609375 0.0625
1 0.8578125 0.19453125 0.1734375 0.04296875
0 0.7515625 0.5515625 0.0796875 0.0890625
0 0.64765625 0.5515625 0.084375 0.084375
0 0.78359375 0.734375 0.08671875 0.0796875
0 0.76328125 0.828125 0.103125 0.17578125
0 0.52890625 0.78359375 0.0765625 0.10078125
0 0.38671875 0.63671875 0.071875 0.08203125
0 0.38203125 0.73671875 0.08671875 0.0796875
0 0.27421875 0.1984375 0.1296875 0.2140625