2 0.4796875 0.17578125 0.8296875 0.3171875
2 0.48828125 0.584375 0.83203125 0.615625
2 0.23203125 0.66328125 0.34375 0.2015625
2 0.33984375 0.821875 0.11796875 0.14453125
2 0.1671875 0.8234375 0.19453125 0.13203125
1 0.26328125 0.26953125 0.23828125 0.03359375
1 0.571875 0.265625 0.22578125 0.05546875
1 0.4984375 0.93515625 0.12734375 0.10546875
1 0.46171875 0.8109375 0.134375 0.0890625
1 0.478125 0.69453125 0.16796875 0.09609375
1 0.2015625 0.7171875 0.134375 0.0796875
1 0.75390625 0.23203125 0.146875 0.11328125