2 0.4828125 0.1546875 0.821875 0.2046875
2 0.49296875 0.5578125 0.89453125 0.7359375
2 0.240625 0.6359375 0.33671875 0.18984375
2 0.34609375 0.79296875 0.1203125 0.14453125
2 0.17578125 0.7921875 0.196875 0.13671875
1 0.2703125 0.2484375 0.228125 0.06015625
1 0.5734375 0.24375 0.228125 0.0359375
1 0.50390625 0.90234375 0.12265625 0.103125
1 0.46640625 0.7796875 0.1296875 0.06953125
1 0.4828125 0.6671875 0.16328125 0.0890625
1 0.21015625 0.6890625 0.13671875 0.0890625
1 0.75390625 0.21171875 0.1515625 0.1296875