2 0.22578125 0.3140625 0.22109375 0.228125
2 0.4171875 0.4796875 0.61796875 0.56953125
2 0.39765625 0.65 0.12265625 0.2234375
2 0.59140625 0.6453125 0.2453125 0.21875
2 0.28125 0.578125 0.10078125 0.07421875
2 0.2796875 0.69453125 0.0890625 0.125
2 0.7953125 0.48828125 0.125 0.5625
1 0.7234375 0.36328125 0.02421875 0.16796875
1 0.7234375 0.63203125 0.01953125 0.15859375
1 0.4671875 0.1921875 0.103125 0.02890625
1 0.225 0.1984375 0.0984375 0.0265625
0 0.18515625 0.82109375 0.0671875 0.11328125
0 0.30625 0.50703125 0.05546875 0.0765625
0 0.3953125 0.49140625 0.06953125 0.084375
0 0.75234375 0.48828125 0.0765625 0.10546875