2 0.1453125 0.16796875 0.1421875 0.21640625
2 0.2609375 0.12890625 0.103125 0.13203125
2 0.259375 0.328125 0.115625 0.25703125
2 0.26953125 0.52421875 0.10078125 0.1296875
2 0.23671875 0.71640625 0.165625 0.25
2 0.1921875 0.52265625 0.0765625 0.12734375
2 0.09140625 0.66328125 0.1296875 0.3890625
2 0.14453125 0.35546875 0.1296875 0.15859375
2 0.49140625 0.44140625 0.30546875 0.7859375
2 0.43984375 0.3578125 0.15859375 0.1828125
2 0.4390625 0.1609375 0.1515625 0.22578125
2 0.3921875 0.6515625 0.134375 0.375
2 0.7203125 0.24609375 0.1703125 0.4015625
2 0.83671875 0.24609375 0.178125 0.37265625
2 0.85703125 0.375 0.06953125 0.125
2 0.80390625 0.6421875 0.1703125 0.375
1 0.071875 0.1453125 0.01953125 0.1078125
1 0.07109375 0.2828125 0.00703125 0.0796875
1 0.36875 0.146875 0.0171875 0.10546875
1 0.3703125 0.27421875 0.02421875 0.08203125
1 0.4859375 0.053125 0.04296875 0.02890625
1 0.5796875 0.05390625 0.03828125 0.0265625
1 0.759375 0.04921875 0.04296875 0.0171875
1 0.88671875 0.2453125 0.0140625 0.08671875
1 0.88671875 0.384375 0.0140625 0.03359375
1 0.85703125 0.04453125 0.0453125 0.03125
1 0.64765625 0.13828125 0.021875 0.0890625
1 0.64765625 0.28359375 0.01171875 0.09609375
1 0.6078125 0.0921875 0.0140625 0.0359375
1 0.60703125 0.24609375 0.021875 0.07421875
1 0.52421875 0.83515625 0.0484375 0.0171875
0 0.4109375 0.475 0.04296875 0.07421875
0 0.390625 0.30625 0.0359375 0.05546875
0 0.54296875 0.0328125 0.04296875 0.06484375
0 0.8203125 0.02734375 0.03125 0.0546875
0 0.85546875 0.303125 0.02421875 0.04296875
0 0.8015625 0.2046875 0.0359375 0.053125
0 0.80078125 0.3734375 0.03359375 0.0453125
0 0.8078125 0.38828125 0.03359375 0.06484375
0 0.2140625 0.5 0.03359375 0.0578125
0 0.11796875 0.49140625 0.04296875 0.0796875
0 0.196875 0.41328125 0.03828125 0.0484375
0 0.103125 0.31953125 0.04296875 0.0671875
0 0.1921875 0.11171875 0.03359375 0.06015625
0 0.5796875 0.69140625 0.02421875 0.0453125
0 0.17578125 0.72265625 0.02890625 0.05078125
0 0.17890625 0.61640625 0.03125 0.05078125