2 0.39453125 0.4234375 0.5140625 0.4859375
2 0.740625 0.5328125 0.21171875 0.646875
2 0.37734375 0.740625 0.509375 0.29296875
2 0.4546875 0.92890625 0.29296875 0.1421875
2 0.7234375 0.925 0.240625 0.15
2 0.0890625 0.54296875 0.178125 0.6390625
1 0.26171875 0.1578125 0.071875 0.0359375
1 0.44453125 0.165625 0.0671875 0.03359375
1 0.56484375 0.1703125 0.071875 0.03828125
1 0.74765625 0.1734375 0.0765625 0.04296875
0 0.275 0.68359375 0.07421875 0.0984375
0 0.50390625 0.6890625 0.06484375 0.0796875
0 0.64296875 0.334375 0.0890625 0.10546875
0 0.03359375 0.921875 0.0625 0.09375
0 0.0265625 0.8265625 0.053125 0.08671875
0 0.41484375 0.96875 0.084375 0.0625