2 0.39765625 0.41484375 0.51171875 0.478125
2 0.75859375 0.52890625 0.2140625 0.6734375
2 0.3796875 0.7453125 0.53359375 0.3171875
2 0.459375 0.9203125 0.3171875 0.15859375
2 0.740625 0.9375 0.240625 0.125
2 0.078125 0.53828125 0.15625 0.66796875
1 0.259375 0.13671875 0.0765625 0.04296875
1 0.4515625 0.1453125 0.071875 0.03125
1 0.57578125 0.1515625 0.06953125 0.03359375
1 0.765625 0.15234375 0.0796875 0.0359375
0 0.27265625 0.6859375 0.0796875 0.103125
0 0.5109375 0.69140625 0.0796875 0.0890625
0 0.65625 0.321875 0.08203125 0.10546875
0 0.0296875 0.9328125 0.059375 0.103125
0 0.02265625 0.83515625 0.0453125 0.0890625
0 0.41953125 0.97421875 0.0859375 0.0515625