2 0.484375 0.17578125 0.790625 0.35078125
2 0.47734375 0.59609375 0.834375 0.7015625
2 0.6046875 0.59609375 0.1421875 0.10546875
2 0.7015625 0.725 0.34609375 0.36328125
2 0.209375 0.71015625 0.21640625 0.21875
2 0.21875 0.8484375 0.1828125 0.08671875
0 0.46484375 0.93515625 0.12265625 0.071875
0 0.4515625 0.83046875 0.14453125 0.07421875
0 0.2671875 0.5765625 0.1203125 0.0671875
0 0.49296875 0.25 0.09609375 0.0578125
0 0.49765625 0.615625 0.134375 0.0484375
0 0.3796875 0.67578125 0.115625 0.0625
0 0.584375 0.70703125 0.1203125 0.0578125
0 0.74375 0.69453125 0.0984375 0.0671875
0 0.2609375 0.78125 0.0984375 0.04296875
1 0.6515625 0.90859375 0.15390625 0.03359375
1 0.21875 0.90625 0.071875 0.01953125
1 0.24140625 0.28125 0.146875 0.0484375
1 0.4984375 0.28828125 0.12265625 0.03359375
1 0.64921875 0.27734375 0.15859375 0.0359375