2 0.47265625 0.16015625 0.7953125 0.31953125
2 0.46640625 0.58046875 0.85546875 0.74296875
2 0.59375 0.5796875 0.134375 0.09140625
2 0.69140625 0.709375 0.353125 0.3703125
2 0.1984375 0.69375 0.21875 0.21875
2 0.209375 0.83203125 0.1875 0.09609375
0 0.453125 0.91796875 0.12265625 0.071875
0 0.4421875 0.81484375 0.14453125 0.0671875
0 0.25625 0.56015625 0.11796875 0.0484375
0 0.48203125 0.2359375 0.0984375 0.0625
0 0.48671875 0.5984375 0.1421875 0.0671875
0 0.36875 0.65859375 0.11796875 0.0625
0 0.5734375 0.68984375 0.12734375 0.071875
0 0.7328125 0.678125 0.09609375 0.0625
0 0.25 0.7640625 0.10078125 0.0578125
1 0.640625 0.8921875 0.1515625 0.03828125
1 0.2078125 0.8921875 0.06953125 0.02421875
1 0.23046875 0.265625 0.14453125 0.0453125
1 0.48828125 0.271875 0.1203125 0.04296875
1 0.63671875 0.26171875 0.15859375 0.0484375