2 0.203125 0.06953125 0.2953125 0.1109375
2 0.521875 0.10234375 0.28828125 0.146875
2 0.78828125 0.1078125 0.2546875 0.15390625
2 0.60546875 0.0765625 0.10078125 0.09609375
2 0.79453125 0.28828125 0.24765625 0.1734375
2 0.634375 0.32109375 0.0625 0.0984375
2 0.48046875 0.27734375 0.3703125 0.209375
2 0.18125 0.3125 0.25234375 0.1828125
2 0.21171875 0.22109375 0.3171875 0.10078125
2 0.1921875 0.15234375 0.26953125 0.06015625
2 0.21171875 0.5734375 0.29296875 0.290625
2 0.30546875 0.4671875 0.1109375 0.06953125
2 0.4578125 0.5296875 0.209375 0.19921875
2 0.46171875 0.71640625 0.20703125 0.16796875
2 0.21171875 0.759375 0.28359375 0.09609375
2 0.2078125 0.865625 0.06953125 0.10546875
2 0.2828125 0.8640625 0.06953125 0.103125
2 0.365625 0.865625 0.10078125 0.1109375
2 0.5265625 0.86875 0.2015625 0.09375
2 0.671875 0.8640625 0.0890625 0.0984375
1 0.06015625 0.31015625 0.02421875 0.03828125
1 0.05546875 0.2359375 0.0140625 0.03828125
1 0.921875 0.15390625 0.0171875 0.053125
1 0.92421875 0.234375 0.0171875 0.0453125
1 0.93515625 0.5671875 0.02421875 0.09140625
1 0.83203125 0.421875 0.071875 0.0265625
1 0.678125 0.4265625 0.0578125 0.0171875
1 0.45546875 0.4265625 0.06015625 0.021875
1 0.19453125 0.4265625 0.0625 0.0171875
1 0.06484375 0.6234375 0.01953125 0.0984375
1 0.2296875 0.9265625 0.03125 0.01171875
1 0.290625 0.928125 0.02890625 0.0140625
1 0.3546875 0.9234375 0.0359375 0.0140625
1 0.45703125 0.9203125 0.0578125 0.01953125
1 0.665625 0.9203125 0.0578125 0.0140625
0 0.53984375 0.9171875 0.06484375 0.11796875
0 0.60703125 0.8453125 0.040625 0.05078125
0 0.7953125 0.7671875 0.0484375 0.04296875
0 0.53828125 0.5484375 0.0578125 0.0484375
0 0.3296875 0.68515625 0.0578125 0.053125
0 0.22578125 0.76796875 0.0484375 0.07421875
0 0.26796875 0.8375 0.05078125 0.0359375
0 0.4640625 0.7859375 0.071875 0.04296875
0 0.64296875 0.2546875 0.040625 0.03828125
0 0.6890625 0.22734375 0.0359375 0.0359375
0 0.6859375 0.1734375 0.040625 0.04296875
0 0.615625 0.15625 0.053125 0.053125
0 0.265625 0.1390625 0.05078125 0.03359375
0 0.3171875 0.196875 0.02421875 0.03359375
0 0.32421875 0.2484375 0.0484375 0.0359375