2 0.0609375 0.2625 0.121875 0.190625
2 0.18359375 0.25859375 0.15625 0.1703125
2 0.2484375 0.359375 0.09375 0.0984375
2 0.178125 0.353125 0.0671875 0.08671875
2 0.08203125 0.45703125 0.134375 0.1921875
2 0.271875 0.6078125 0.259375 0.259375
2 0.1421875 0.69375 0.28359375 0.2953125
2 0.44140625 0.60078125 0.11796875 0.2359375
2 0.3125 0.44453125 0.33671875 0.125
2 0.3859375 0.29296875 0.2234375 0.2546875
2 0.6046875 0.2921875 0.19921875 0.23828125
2 0.75859375 0.2671875 0.12734375 0.1828125
2 0.89921875 0.2921875 0.1921875 0.24765625
2 0.74375 0.5828125 0.51171875 0.5171875
2 0.8796875 0.61171875 0.23046875 0.26171875
2 0.875 0.77734375 0.2015625 0.12734375
1 0.6203125 0.17578125 0.0765625 0.02890625
1 0.76328125 0.17890625 0.040625 0.0265625
1 0.9234375 0.1765625 0.08203125 0.0171875
1 0.834375 0.734375 0.08671875 0.0265625
1 0.65234375 0.83203125 0.18515625 0.01953125
1 0.134375 0.83203125 0.1734375 0.02421875
1 0.21640625 0.17890625 0.115625 0.021875
1 0.0828125 0.17578125 0.0359375 0.0140625
1 0.4796875 0.29453125 0.0171875 0.1078125
0 0.12734375 0.2515625 0.0625 0.06953125
0 0.23046875 0.28828125 0.0484375 0.053125
0 0.31875 0.38203125 0.05546875 0.0765625
0 0.43046875 0.459375 0.0625 0.0765625
0 0.32109375 0.50703125 0.05078125 0.0625
0 0.2359375 0.43046875 0.0484375 0.0625
0 0.1859375 0.428125 0.0453125 0.0625
0 0.15625 0.45703125 0.0484375 0.0578125
0 0.25234375 0.60078125 0.0625 0.0765625
0 0.31484375 0.71171875 0.071875 0.178125
0 0.8484375 0.38671875 0.0625 0.08203125
0 0.84609375 0.51328125 0.0625 0.07421875
0 0.7984375 0.7765625 0.0671875 0.071875
0 0.76171875 0.328125 0.0484375 0.05546875
0 0.80078125 0.38359375 0.0625 0.07421875