2 0.21640625 0.103125 0.2859375 0.20625
2 0.21015625 0.3328125 0.28125 0.2765625
2 0.21171875 0.56953125 0.27890625 0.20703125
2 0.41484375 0.06484375 0.13203125 0.1296875
2 0.6109375 0.1046875 0.375 0.209375
2 0.8609375 0.3328125 0.14453125 0.2671875
2 0.57421875 0.50625 0.45703125 0.75703125
2 0.6765625 0.5625 0.25234375 0.23046875
2 0.5625 0.9359375 0.2546875 0.12734375
2 0.74296875 0.93828125 0.1078125 0.1234375
1 0.803125 0.9640625 0.02890625 0.071875
1 0.80078125 0.7765625 0.03359375 0.09609375
1 0.803125 0.57421875 0.02890625 0.09609375
1 0.8078125 0.30859375 0.0484375 0.1421875
1 0.80078125 0.09765625 0.02421875 0.0984375
0 0.8265625 0.40390625 0.071875 0.0671875
0 0.4984375 0.0921875 0.06484375 0.05078125
0 0.459375 0.165625 0.053125 0.0484375
0 0.3265625 0.1671875 0.0578125 0.05078125
0 0.328125 0.24140625 0.06015625 0.06015625
0 0.32578125 0.63203125 0.05546875 0.04296875
0 0.4015625 0.7015625 0.0671875 0.0765625
0 0.4703125 0.7671875 0.040625 0.04296875
0 0.65625 0.85703125 0.0578125 0.06015625
0 0.67421875 0.915625 0.06015625 0.04296875
1 0.071875 0.1203125 0.02890625 0.115625
1 0.06953125 0.29296875 0.03359375 0.1203125
1 0.07109375 0.5671875 0.0359375 0.09609375