2 0.18046875 0.0984375 0.303125 0.196875
2 0.1734375 0.30625 0.3171875 0.31484375
2 0.17421875 0.5484375 0.30546875 0.2453125
2 0.38125 0.05078125 0.13203125 0.10078125
2 0.5796875 0.0875 0.371875 0.175
2 0.834375 0.30625 0.15390625 0.271875
2 0.54296875 0.4828125 0.58203125 0.821875
2 0.646875 0.53984375 0.2453125 0.21875
2 0.53125 0.91953125 0.2640625 0.1609375
2 0.71484375 0.93046875 0.1078125 0.1390625
1 0.775 0.94921875 0.021875 0.071875
1 0.77265625 0.75703125 0.0359375 0.09609375
1 0.775 0.5515625 0.0265625 0.0984375
1 0.77890625 0.28125 0.03828125 0.14453125
1 0.77421875 0.0671875 0.03828125 0.10078125
0 0.79921875 0.37890625 0.0796875 0.06953125
0 0.46640625 0.0625 0.0625 0.0484375
0 0.4265625 0.13671875 0.05546875 0.04296875
0 0.290625 0.13828125 0.0625 0.05078125
0 0.29296875 0.2140625 0.0625 0.0625
0 0.290625 0.6109375 0.0625 0.0578125
0 0.36796875 0.68125 0.0625 0.07421875
0 0.4375 0.74609375 0.0484375 0.05078125
0 0.6265625 0.8390625 0.05546875 0.0578125
0 0.6453125 0.89921875 0.05546875 0.03359375
1 0.03359375 0.08984375 0.02421875 0.11796875
1 0.03125 0.265625 0.02421875 0.12265625
1 0.03125 0.5453125 0.02421875 0.10078125