2 0.0796875 0.13125 0.1296875 0.2140625
2 0.12109375 0.334375 0.23828125 0.21171875
2 0.228125 0.13671875 0.21171875 0.240625
2 0.259375 0.21875 0.115625 0.0671875
2 0.27734375 0.3140625 0.0984375 0.1609375
2 0.28984375 0.4109375 0.0453125 0.04296875
2 0.31484375 0.48671875 0.15390625 0.12265625
2 0.38359375 0.36796875 0.1515625 0.1390625
2 0.384375 0.16484375 0.1828125 0.28125
2 0.6421875 0.071875 0.29296875 0.1390625
2 0.7234375 0.21484375 0.16796875 0.2953125
2 0.57578125 0.23671875 0.18046875 0.26171875
2 0.71484375 0.3609375 0.43984375 0.20703125
2 0.8578125 0.15390625 0.1828125 0.27421875
2 0.59375 0.553125 0.1875 0.16796875
2 0.5765625 0.634375 0.14921875 0.0765625
2 0.64921875 0.771875 0.303125 0.196875
2 0.89296875 0.7015625 0.06953125 0.0578125
2 0.896875 0.775 0.08671875 0.0796875
2 0.89453125 0.578125 0.0765625 0.19453125
2 0.8640625 0.6703125 0.1515625 0.39453125
1 0.11640625 0.0296875 0.040625 0.021875
1 0.23046875 0.0265625 0.071875 0.01953125
1 0.34609375 0.02421875 0.03359375 0.01953125
1 0.01171875 0.1265625 0.0140625 0.07421875
1 0.125 0.4359375 0.10078125 0.0171875
1 0.4546875 0.19453125 0.0140625 0.09140625
1 0.3453125 0.43515625 0.05078125 0.02890625
1 0.5 0.2484375 0.02421875 0.1078125
1 0.93359375 0.2515625 0.0265625 0.1515625
1 0.71640625 0.47734375 0.0484375 0.0171875
1 0.6 0.475 0.03125 0.0171875
1 0.4984375 0.52265625 0.01171875 0.0453125
1 0.571875 0.86875 0.03359375 0.00703125
1 0.63828125 0.865625 0.040625 0.02421875
1 0.9328125 0.64453125 0.01953125 0.03828125
1 0.9328125 0.84140625 0.01953125 0.04296875
2 0.79921875 0.92421875 0.13203125 0.1078125
2 0.3171875 0.4859375 0.134375 0.115625