2 0.0765625 0.1109375 0.1296875 0.21171875
2 0.11640625 0.31015625 0.2328125 0.20703125
2 0.22109375 0.11640625 0.1734375 0.209375
2 0.2515625 0.19609375 0.1078125 0.06015625
2 0.26953125 0.28984375 0.08671875 0.1515625
2 0.28125 0.38359375 0.04296875 0.040625
2 0.30625 0.459375 0.1421875 0.1109375
2 0.37265625 0.3421875 0.14453125 0.13671875
2 0.3734375 0.14296875 0.1703125 0.271875
2 0.6265625 0.053125 0.2859375 0.10078125
2 0.7046875 0.1921875 0.15859375 0.28828125
2 0.5609375 0.2140625 0.18984375 0.2640625
2 0.696875 0.33515625 0.4328125 0.2140625
2 0.8375 0.13359375 0.15625 0.26171875
2 0.578125 0.52421875 0.18515625 0.16328125
2 0.5625 0.603125 0.15390625 0.09609375
2 0.63203125 0.73828125 0.3078125 0.21171875
2 0.87109375 0.66953125 0.06953125 0.05546875
2 0.875 0.74140625 0.08203125 0.07421875
2 0.87265625 0.54921875 0.08203125 0.18984375
2 0.84375 0.6390625 0.16796875 0.39453125
1 0.11171875 0.01171875 0.0359375 0.01953125
1 0.22265625 0.00859375 0.06953125 0.0171875
1 0.33515625 0.00859375 0.0359375 0.0171875
1 0.009375 0.10390625 0.01875 0.0703125
1 0.11875 0.41015625 0.09375 0.03125
1 0.4421875 0.1734375 0.0140625 0.08671875
1 0.33515625 0.4078125 0.0453125 0.0265625
1 0.48671875 0.22578125 0.03125 0.10546875
1 0.9109375 0.228125 0.03828125 0.14921875
1 0.6984375 0.44921875 0.0453125 0.01953125
1 0.584375 0.446875 0.02890625 0.01953125
1 0.4859375 0.49375 0.0140625 0.0453125
1 0.5578125 0.834375 0.03359375 0.009375
1 0.62265625 0.8296875 0.03828125 0.02421875
1 0.9109375 0.61328125 0.0140625 0.03828125
1 0.9109375 0.80390625 0.0140625 0.040625
2 0.7796875 0.88671875 0.13671875 0.1203125
2 0.3078125 0.4578125 0.1296875 0.1078125