2 0.0640625 0.1 0.12734375 0.19921875
2 0.1078125 0.2921875 0.215625 0.221875
2 0.2 0.10546875 0.19375 0.2109375
2 0.2328125 0.178125 0.1109375 0.0578125
2 0.25 0.27421875 0.10546875 0.16328125
2 0.26328125 0.3703125 0.0453125 0.03828125
2 0.28828125 0.446875 0.14453125 0.10546875
2 0.35703125 0.3265625 0.146875 0.134375
2 0.35546875 0.12890625 0.14453125 0.25703125
2 0.615625 0.04453125 0.29296875 0.0890625
2 0.69609375 0.17421875 0.17578125 0.30078125
2 0.55078125 0.196875 0.1828125 0.2640625
2 0.6890625 0.32109375 0.43984375 0.209375
2 0.82890625 0.1234375 0.1578125 0.246875
2 0.56640625 0.51328125 0.18515625 0.1609375
2 0.55078125 0.5953125 0.15859375 0.0984375
2 0.62265625 0.7328125 0.303125 0.196875
2 0.86640625 0.6625 0.06953125 0.05546875
2 0.8703125 0.7359375 0.08671875 0.08203125
2 0.86796875 0.53828125 0.0671875 0.1921875
2 0.8375 0.63125 0.13671875 0.3921875
1 0.09765625 0.396875 0.0984375 0.02890625
1 0.428125 0.15390625 0.01953125 0.08671875
1 0.31875 0.39453125 0.05078125 0.02421875
1 0.4734375 0.2078125 0.03359375 0.103125
1 0.90625 0.21171875 0.04296875 0.15390625
1 0.68984375 0.4359375 0.0484375 0.021875
1 0.5734375 0.43359375 0.03125 0.0171875
1 0.47265625 0.4828125 0.0171875 0.04296875
1 0.54453125 0.828125 0.03125 0.01171875
1 0.61171875 0.82578125 0.040625 0.021875
1 0.90625 0.6046875 0.01953125 0.040625
1 0.90625 0.79921875 0.01953125 0.040625
2 0.77265625 0.88359375 0.1421875 0.11796875
2 0.28984375 0.44609375 0.12734375 0.103125