2 0.1359375 0.21171875 0.13671875 0.27890625
2 0.50859375 0.6421875 0.88203125 0.64921875
2 0.83046875 0.7953125 0.2046875 0.20703125
2 0.765625 0.20546875 0.3484375 0.31484375
2 0.37734375 0.21015625 0.33203125 0.2765625
1 0.09140625 0.53125 0.053125 0.28828125
1 0.92578125 0.2140625 0.01953125 0.27890625
1 0.928125 0.50234375 0.02421875 0.27421875
1 0.92890625 0.853125 0.0171875 0.0625
0 0.65234375 0.89453125 0.09375 0.178125
0 0.72265625 0.84765625 0.0890625 0.084375
0 0.65390625 0.33203125 0.0765625 0.10078125
0 0.50234375 0.32421875 0.0671875 0.09609375
0 0.146875 0.3234375 0.0765625 0.09375