2 0.146875 0.21640625 0.15390625 0.28828125
2 0.52265625 0.6515625 0.84375 0.571875
2 0.8484375 0.8078125 0.1828125 0.1875
2 0.7828125 0.21015625 0.3484375 0.31015625
2 0.38828125 0.21484375 0.34375 0.290625
1 0.10078125 0.53984375 0.0765625 0.2859375
1 0.94375 0.21875 0.040625 0.27890625
1 0.94609375 0.50859375 0.03125 0.2765625
1 0.946875 0.865625 0.009375 0.0625
0 0.66796875 0.90625 0.10546875 0.1828125
0 0.73828125 0.859375 0.08203125 0.0796875
0 0.66796875 0.3375 0.08203125 0.103125
0 0.5171875 0.33046875 0.0671875 0.0984375
0 0.1578125 0.3296875 0.084375 0.10078125