2 0.1578125 0.2953125 0.0984375 0.33671875
2 0.60546875 0.47734375 0.76953125 0.709375
2 0.83984375 0.296875 0.30078125 0.334375
2 0.73828125 0.7140625 0.1296875 0.22578125
1 0.98984375 0.65390625 0.0203125 0.1765625
1 0.98515625 0.3046875 0.0296875 0.178125
1 0.21640625 0.25390625 0.0484375 0.15625
0 0.21171875 0.39453125 0.14453125 0.10078125
0 0.63125 0.38359375 0.06484375 0.0890625
0 0.7046875 0.415625 0.09140625 0.10078125
0 0.6625 0.71875 0.07421875 0.10078125
0 0.64296875 0.8421875 0.09375 0.19453125