2 0.20078125 0.24609375 0.2953125 0.24296875
2 0.5671875 0.4828125 0.5484375 0.7359375
2 0.19921875 0.4796875 0.303125 0.26171875
2 0.19921875 0.70703125 0.3078125 0.26953125
2 0.85234375 0.2875 0.1515625 0.30078125
2 0.3796875 0.20703125 0.14453125 0.16328125
0 0.3796875 0.31484375 0.071875 0.071875
0 0.3109375 0.3296875 0.07421875 0.08671875
0 0.31484375 0.40234375 0.0625 0.06015625
0 0.3171875 0.640625 0.0625 0.0796875
0 0.37890625 0.834375 0.084375 0.16328125
0 0.8015625 0.3609375 0.12265625 0.08671875
1 0.05625 0.2453125 0.0359375 0.1203125
1 0.05859375 0.4828125 0.021875 0.1296875
1 0.05859375 0.7140625 0.0265625 0.125