2 0.178125 0.25859375 0.29296875 0.2328125
2 0.553125 0.50234375 0.52421875 0.7359375
2 0.17578125 0.49765625 0.3078125 0.2640625
2 0.17578125 0.7328125 0.3171875 0.27421875
2 0.84609375 0.3015625 0.134375 0.30546875
2 0.3609375 0.21875 0.1296875 0.15390625
0 0.3609375 0.3296875 0.0671875 0.0671875
0 0.290625 0.3453125 0.0765625 0.084375
0 0.29453125 0.41953125 0.06015625 0.05546875
0 0.2953125 0.66328125 0.071875 0.08671875
0 0.359375 0.86328125 0.06953125 0.16328125
0 0.79453125 0.37734375 0.12265625 0.09140625
1 0.02890625 0.25859375 0.02421875 0.12265625
1 0.0296875 0.50234375 0.040625 0.1296875
1 0.03125 0.7390625 0.04296875 0.12734375