2 0.2140625 0.259375 0.3078125 0.259375
2 0.5875 0.50234375 0.53125 0.7359375
2 0.2125 0.49765625 0.290625 0.2359375
2 0.2140625 0.73046875 0.3171875 0.27890625
2 0.8796875 0.303125 0.15390625 0.3078125
2 0.396875 0.2203125 0.14921875 0.165625
0 0.396875 0.3296875 0.071875 0.0765625
0 0.3265625 0.34609375 0.0671875 0.0765625
0 0.33046875 0.41953125 0.06484375 0.06015625
0 0.334375 0.66328125 0.0765625 0.09140625
0 0.3953125 0.8609375 0.0984375 0.16796875
0 0.828125 0.37734375 0.12265625 0.08671875
1 0.06640625 0.259375 0.0171875 0.1203125
1 0.06953125 0.50234375 0.0484375 0.1296875
1 0.06875 0.73828125 0.0359375 0.1296875