2 0.11171875 0.1046875 0.209375 0.13671875
2 0.365625 0.18125 0.115625 0.21875
2 0.2640625 0.17890625 0.115625 0.21875
2 0.2140625 0.30859375 0.428125 0.31484375
2 0.1109375 0.3890625 0.0671875 0.10078125
2 0.475 0.36796875 0.12734375 0.1875
2 0.3734375 0.5515625 0.12734375 0.13203125
2 0.48671875 0.62734375 0.09375 0.21640625
2 0.58671875 0.625 0.10546875 0.21171875
2 0.5984375 0.81484375 0.0765625 0.15390625
2 0.5 0.81640625 0.1296875 0.15625
2 0.3953125 0.81484375 0.0984375 0.16328125
2 0.29921875 0.81640625 0.146875 0.165625
2 0.2921875 0.67890625 0.12734375 0.11328125
2 0.3953125 0.68046875 0.0984375 0.115625
2 0.6296875 0.31015625 0.1296875 0.259375
2 0.7328125 0.3109375 0.1109375 0.2671875
2 0.80546875 0.3953125 0.0765625 0.0984375
2 0.8703125 0.3703125 0.21640625 0.1875
2 0.89921875 0.1828125 0.14921875 0.22578125
2 0.80078125 0.18125 0.0625 0.209375
1 0.8421875 0.06953125 0.01171875 0.0140625
1 0.86640625 0.06484375 0.0171875 0.0140625
1 0.97109375 0.2546875 0.0140625 0.03828125
1 0.97109375 0.3125 0.0140625 0.03828125
1 0.2546875 0.06953125 0.02890625 0.02421875
1 0.296875 0.0671875 0.0171875 0.009375
1 0.3640625 0.0671875 0.0796875 0.02890625
1 0.41796875 0.25390625 0.0140625 0.0359375
1 0.41796875 0.31875 0.01953125 0.040625
1 0.328125 0.446875 0.0359375 0.01953125
1 0.1109375 0.44609375 0.01953125 0.01171875
1 0.009375 0.25859375 0.01875 0.0890625
1 0.2296875 0.7859375 0.01171875 0.04296875
1 0.228125 0.7125 0.0140625 0.03125
1 0.2640625 0.61875 0.01953125 0.01171875
1 0.30390625 0.61796875 0.021875 0.0140625
1 0.365625 0.62265625 0.02890625 0.02421875
1 0.4015625 0.6203125 0.02421875 0.01953125
1 0.49140625 0.51328125 0.06015625 0.0171875
1 0.55078125 0.5171875 0.02421875 0.01953125
1 0.56015625 0.28515625 0.009375 0.0359375
1 0.87734375 0.446875 0.0140625 0.0140625
0 0.20546875 0.13203125 0.040625 0.0484375
0 0.3234375 0.103125 0.03125 0.0484375
0 0.43125 0.36796875 0.0453125 0.053125
0 0.07109375 0.40234375 0.0359375 0.0453125
0 0.0515625 0.47578125 0.040625 0.0671875
0 0.2203125 0.68046875 0.0453125 0.053125
0 0.3390625 0.68984375 0.03359375 0.0484375
0 0.2875 0.76328125 0.0359375 0.06015625
0 0.396875 0.75703125 0.02890625 0.053125
0 0.42578125 0.57421875 0.04296875 0.0671875
0 0.44921875 0.66796875 0.03828125 0.04296875
0 0.46015625 0.71171875 0.0359375 0.0578125
0 0.60546875 0.71875 0.03359375 0.0484375
0 0.546875 0.5625 0.0359375 0.04296875
0 0.79921875 0.26953125 0.03125 0.0578125
0 0.89453125 0.26953125 0.03828125 0.053125
0 0.9625 0.3703125 0.03125 0.04296875
0 0.853125 0.38359375 0.04296875 0.05078125
0 0.78515625 0.3171875 0.040625 0.0484375