2 0.1234375 0.103125 0.209375 0.14921875
2 0.3703125 0.178125 0.1203125 0.22109375
2 0.27265625 0.1765625 0.1078125 0.2140625
2 0.2234375 0.30390625 0.41796875 0.30078125
2 0.12265625 0.38125 0.0765625 0.103125
2 0.47734375 0.359375 0.12734375 0.18515625
2 0.3796875 0.53984375 0.1203125 0.12265625
2 0.4890625 0.61328125 0.09375 0.21171875
2 0.58671875 0.6109375 0.1296875 0.21640625
2 0.59765625 0.7953125 0.0890625 0.15390625
2 0.50234375 0.796875 0.1203125 0.1515625
2 0.4 0.79453125 0.103125 0.1609375
2 0.30625 0.796875 0.12265625 0.146875
2 0.29921875 0.66328125 0.12265625 0.10546875
2 0.4015625 0.66484375 0.09609375 0.11328125
2 0.62890625 0.30546875 0.17578125 0.26953125
2 0.728125 0.30546875 0.10078125 0.259375
2 0.79921875 0.38671875 0.06015625 0.08671875
2 0.86328125 0.36171875 0.1875 0.1515625
2 0.890625 0.18046875 0.13203125 0.21171875
2 0.79453125 0.178125 0.09375 0.2015625
1 0.83671875 0.06953125 0.0140625 0.0140625
1 0.859375 0.06484375 0.0171875 0.0140625
1 0.96015625 0.2515625 0.00703125 0.0359375
1 0.96015625 0.30625 0.01171875 0.040625
1 0.26328125 0.06953125 0.0265625 0.02421875
1 0.30390625 0.0671875 0.0171875 0.009375
1 0.36875 0.0671875 0.0796875 0.01953125
1 0.4234375 0.2484375 0.0140625 0.0359375
1 0.4203125 0.3125 0.0140625 0.03828125
1 0.334375 0.4375 0.03359375 0.01953125
1 0.12265625 0.4359375 0.01953125 0.01171875
1 0.02265625 0.2546875 0.0171875 0.08671875
1 0.2390625 0.76796875 0.0171875 0.040625
1 0.23671875 0.696875 0.01171875 0.02890625
1 0.27265625 0.6046875 0.021875 0.0171875
1 0.3109375 0.603125 0.021875 0.01953125
1 0.3703125 0.6078125 0.02890625 0.02421875
1 0.40625 0.60703125 0.02421875 0.0171875
1 0.49375 0.50234375 0.06015625 0.0140625
1 0.54921875 0.5046875 0.021875 0.01953125
1 0.5609375 0.27890625 0.00703125 0.03359375
1 0.86875 0.4375 0.0171875 0.0140625
0 0.21484375 0.13125 0.040625 0.0453125
0 0.3296875 0.103125 0.03828125 0.0484375
0 0.43515625 0.359375 0.0484375 0.05546875
0 0.084375 0.39453125 0.03828125 0.04296875
0 0.0671875 0.46484375 0.04296875 0.06484375
0 0.2296875 0.66484375 0.0453125 0.05546875
0 0.34609375 0.67421875 0.03828125 0.05078125
0 0.29453125 0.7453125 0.0265625 0.0578125
0 0.4015625 0.7390625 0.02421875 0.05078125
0 0.42890625 0.5625 0.0359375 0.0578125
0 0.453125 0.65390625 0.03125 0.03828125
0 0.4640625 0.69609375 0.03359375 0.05546875
0 0.60546875 0.7015625 0.02890625 0.0484375
0 0.5484375 0.55078125 0.02890625 0.04296875
0 0.7953125 0.2640625 0.03359375 0.0578125
0 0.8859375 0.2640625 0.03125 0.053125
0 0.953125 0.36328125 0.03125 0.04296875
0 0.84609375 0.3765625 0.04296875 0.05078125
0 0.7796875 0.30859375 0.040625 0.0453125