2 0.28828125 0.09765625 0.46171875 0.19453125
2 0.6984375 0.11328125 0.2859375 0.1296875
2 0.3234375 0.3140625 0.37265625 0.30078125
2 0.240625 0.54296875 0.1828125 0.1921875
2 0.4171875 0.53984375 0.17578125 0.2046875
2 0.1984375 0.49765625 0.0984375 0.09609375
0 0.28515625 0.671875 0.07421875 0.07421875
0 0.23828125 0.73671875 0.071875 0.05546875
2 0.14453125 0.71171875 0.115625 0.125
2 0.146875 0.8390625 0.1296875 0.134375
2 0.71484375 0.2640625 0.2765625 0.1828125
2 0.89296875 0.26328125 0.1078125 0.17578125
2 0.7046875 0.39921875 0.2359375 0.134375
2 0.87890625 0.49296875 0.1421875 0.27890625
2 0.70546875 0.540625 0.23828125 0.20703125
1 0.321875 0.17578125 0.0765625 0.01953125
1 0.4421875 0.17578125 0.08203125 0.02890625
1 0.6859375 0.1703125 0.0796875 0.01953125
1 0.89296875 0.1765625 0.06015625 0.0265625
1 0.85546875 0.6390625 0.0625 0.02890625
1 0.70703125 0.6390625 0.09140625 0.03359375
1 0.42578125 0.64453125 0.04296875 0.02421875
0 0.2453125 0.14921875 0.08203125 0.0765625
0 0.76796875 0.14921875 0.07421875 0.071875
0 0.8234375 0.2828125 0.06953125 0.05078125
0 0.78515625 0.3328125 0.07421875 0.06015625
0 0.7921875 0.4125 0.07421875 0.05078125
0 0.78984375 0.47265625 0.07421875 0.06015625
0 0.853125 0.5421875 0.053125 0.05078125
0 0.2796875 0.484375 0.0796875 0.05546875