2 0.28359375 0.10078125 0.446875 0.16328125
2 0.68515625 0.125 0.27890625 0.1203125
2 0.31640625 0.321875 0.37265625 0.3078125
2 0.2328125 0.5484375 0.1921875 0.2015625
2 0.40859375 0.5453125 0.1734375 0.196875
2 0.1921875 0.50390625 0.10546875 0.103125
0 0.27734375 0.67421875 0.07421875 0.07421875
0 0.23203125 0.740625 0.0796875 0.0578125
2 0.1390625 0.7140625 0.125 0.1296875
2 0.1421875 0.83984375 0.1296875 0.13671875
2 0.7015625 0.27421875 0.27890625 0.196875
2 0.87734375 0.27265625 0.08203125 0.165625
2 0.6921875 0.40625 0.23046875 0.10546875
2 0.86328125 0.4984375 0.1203125 0.271875
2 0.69375 0.5453125 0.2328125 0.2015625
1 0.31484375 0.1859375 0.0765625 0.0265625
1 0.4328125 0.1859375 0.08203125 0.0171875
1 0.6734375 0.18125 0.0765625 0.0265625
1 0.87734375 0.1875 0.0578125 0.02421875
1 0.83984375 0.64453125 0.06015625 0.01953125
1 0.69375 0.64453125 0.0890625 0.02421875
1 0.415625 0.64765625 0.04296875 0.0265625
0 0.23828125 0.15859375 0.08671875 0.08203125
0 0.75390625 0.16015625 0.07421875 0.06953125
0 0.8078125 0.290625 0.0671875 0.0484375
0 0.7703125 0.34140625 0.0796875 0.0671875
0 0.77890625 0.41953125 0.071875 0.05078125
0 0.775 0.478125 0.06953125 0.053125
0 0.8390625 0.546875 0.053125 0.05078125
0 0.27265625 0.490625 0.0796875 0.0625