2 0.7046875 0.12109375 0.434375 0.2421875
2 0.525 0.47265625 0.8578125 0.646875
2 0.22578125 0.53828125 0.22109375 0.178125
2 0.22578125 0.6671875 0.21640625 0.12265625
2 0.4640625 0.77890625 0.240625 0.1203125
2 0.47109375 0.896875 0.22578125 0.16796875
2 0.44453125 0.69375 0.196875 0.05546875
0 0.61171875 0.196875 0.1078125 0.0765625
0 0.36796875 0.5328125 0.10078125 0.06015625
0 0.23203125 0.59140625 0.0796875 0.0578125
0 0.4796875 0.63671875 0.11328125 0.08671875
0 0.46171875 0.74765625 0.1109375 0.071875
0 0.478125 0.8078125 0.10078125 0.0671875
1 0.28359375 0.72734375 0.0578125 0.0265625
1 0.6703125 0.728125 0.10546875 0.0140625
1 0.7796875 0.728125 0.05078125 0.02421875
1 0.72265625 0.21875 0.1078125 0.02890625
1 0.8125 0.2203125 0.0484375 0.021875
1 0.33671875 0.21640625 0.10546875 0.03359375
1 0.23828125 0.21875 0.0671875 0.02421875