2 0.71484375 0.1109375 0.44921875 0.22109375
2 0.52890625 0.46875 0.8609375 0.60078125
2 0.22109375 0.5359375 0.22578125 0.178125
2 0.22109375 0.66953125 0.22109375 0.13203125
2 0.46484375 0.7859375 0.24765625 0.125
2 0.4734375 0.90625 0.21640625 0.14921875
2 0.446875 0.696875 0.20703125 0.08671875
0 0.61875 0.18359375 0.11328125 0.084375
0 0.36640625 0.53125 0.103125 0.0625
0 0.228125 0.59140625 0.08203125 0.0578125
0 0.4828125 0.63828125 0.1109375 0.07421875
0 0.4640625 0.75390625 0.1203125 0.084375
0 0.4796875 0.8140625 0.103125 0.07421875
1 0.2796875 0.73203125 0.06015625 0.0265625
1 0.67890625 0.7328125 0.1078125 0.03359375
1 0.79296875 0.7328125 0.053125 0.01953125
1 0.7328125 0.2078125 0.1109375 0.0359375
1 0.82578125 0.2078125 0.05078125 0.0265625
1 0.334375 0.2046875 0.10546875 0.03828125
1 0.23203125 0.20703125 0.06953125 0.02421875