2 0.71484375 0.11328125 0.44921875 0.22578125
2 0.52890625 0.4671875 0.8265625 0.540625
2 0.22265625 0.53515625 0.228125 0.18515625
2 0.2234375 0.66796875 0.22578125 0.14453125
2 0.46484375 0.78359375 0.24765625 0.125
2 0.4734375 0.90390625 0.2359375 0.1734375
2 0.446875 0.696875 0.20703125 0.09140625
0 0.61796875 0.18515625 0.1109375 0.08671875
0 0.36796875 0.5296875 0.10078125 0.06015625
0 0.228125 0.59140625 0.08203125 0.0578125
0 0.4828125 0.63671875 0.1109375 0.08203125
0 0.4640625 0.7515625 0.1203125 0.0890625
0 0.4796875 0.8125 0.103125 0.0671875
1 0.28125 0.73046875 0.0578125 0.01953125
1 0.678125 0.73203125 0.10546875 0.0265625
1 0.79296875 0.73203125 0.053125 0.021875
1 0.73203125 0.2078125 0.11328125 0.021875
1 0.82421875 0.209375 0.053125 0.0140625
1 0.33515625 0.2046875 0.1078125 0.02890625
1 0.2328125 0.20703125 0.0671875 0.02421875