2 0.1875 0.40625 0.1921875 0.696875
2 0.359375 0.19375 0.1703125 0.25234375
2 0.5296875 0.196875 0.165625 0.259375
2 0.725 0.19609375 0.25703125 0.2765625
2 0.76171875 0.38359375 0.15859375 0.1078125
2 0.76171875 0.50390625 0.14921875 0.12734375
2 0.5609375 0.609375 0.6421875 0.646875
2 0.646875 0.70703125 0.115625 0.10078125
0 0.65234375 0.2984375 0.07421875 0.08671875
0 0.8078125 0.88671875 0.08671875 0.1734375
0 0.72578125 0.6859375 0.071875 0.06953125
0 0.7609375 0.6046875 0.07421875 0.0796875
0 0.76171875 0.47578125 0.0671875 0.0765625
1 0.35078125 0.053125 0.0484375 0.03828125
1 0.546875 0.05546875 0.0796875 0.04296875
1 0.7140625 0.05546875 0.10078125 0.03828125
1 0.259375 0.165625 0.053125 0.09609375
1 0.26328125 0.3921875 0.0359375 0.10546875
1 0.26171875 0.63125 0.03828125 0.1078125
0 0.23203125 0.5109375 0.0984375 0.0890625