2 0.61640625 0.28359375 0.21875 0.51953125
2 0.8015625 0.67578125 0.353125 0.3703125
2 0.89453125 0.7671875 0.14453125 0.16328125
2 0.77734375 0.80390625 0.103125 0.0890625
2 0.709375 0.803125 0.053125 0.08671875
2 0.665625 0.80390625 0.03828125 0.0796875
2 0.58046875 0.765625 0.1515625 0.1703125
2 0.5796875 0.609375 0.1203125 0.12734375
2 0.6828125 0.0984375 0.09609375 0.14453125
2 0.68046875 0.21015625 0.0765625 0.0890625
2 0.6765625 0.2875 0.084375 0.06953125
2 0.68046875 0.4171875 0.0765625 0.18515625
2 0.7015625 0.4734375 0.02890625 0.0578125
2 0.41796875 0.63359375 0.1296875 0.24765625
2 0.26171875 0.63125 0.22578125 0.25703125
2 0.2359375 0.74140625 0.1875 0.228125
2 0.290625 0.7875 0.053125 0.11328125
2 0.09609375 0.74140625 0.15859375 0.2234375
2 0.09609375 0.57109375 0.115625 0.12265625
0 0.4171875 0.7953125 0.09375 0.08671875
0 0.3390625 0.7765625 0.03828125 0.04296875
0 0.33203125 0.7875 0.04296875 0.0453125
0 0.2609375 0.7828125 0.03125 0.03125
0 0.1453125 0.7328125 0.040625 0.04296875
0 0.18984375 0.72109375 0.02421875 0.03828125
0 0.171875 0.6 0.040625 0.040625
0 0.125 0.64921875 0.03359375 0.0484375
0 0.35546875 0.5890625 0.03359375 0.01953125
0 0.353125 0.61640625 0.0484375 0.040625
0 0.2859375 0.7671875 0.02421875 0.02421875
0 0.30078125 0.7640625 0.02890625 0.03359375
0 0.734375 0.0625 0.0453125 0.053125
0 0.63359375 0.05625 0.03125 0.0359375
0 0.6359375 0.196875 0.03125 0.03359375
0 0.69140625 0.17890625 0.0265625 0.0359375
0 0.68984375 0.24140625 0.02421875 0.0359375
0 0.7203125 0.27890625 0.06015625 0.0484375
0 0.68046875 0.478125 0.02421875 0.02890625
0 0.81640625 0.51171875 0.05546875 0.09609375
0 0.66953125 0.5265625 0.0359375 0.04296875
0 0.6609375 0.60546875 0.03828125 0.03828125
0 0.6078125 0.6578125 0.02890625 0.0265625
0 0.6 0.71640625 0.03125 0.0578125
0 0.6625 0.7453125 0.0359375 0.04296875
0 0.63203125 0.78828125 0.03359375 0.02890625
0 0.67890625 0.79453125 0.03125 0.03125
0 0.6984375 0.74765625 0.03125 0.03359375
0 0.7765625 0.75 0.02890625 0.03359375
0 0.81484375 0.740625 0.03359375 0.0484375
0 0.65625 0.86640625 0.02890625 0.05078125
1 0.96171875 0.56953125 0.0140625 0.0625
1 0.87265625 0.8453125 0.0625 0.0265625
1 0.5953125 0.85078125 0.06015625 0.01953125
1 0.5140625 0.61328125 0.02890625 0.0765625
1 0.515625 0.459375 0.021875 0.0671875
1 0.115625 0.84609375 0.0578125 0.0140625
1 0.23203125 0.85 0.05078125 0.0171875