2 0.15 0.634375 0.3 0.490625
2 0.61796875 0.45703125 0.759375 0.865625
0 0.22109375 0.28984375 0.10078125 0.13671875
1 0.0796875 0.38359375 0.09609375 0.05546875
1 0.18984375 0.3859375 0.09609375 0.05078125
1 0.40390625 0.1453125 0.115625 0.0359375
1 0.90390625 0.1453125 0.053125 0.040625
0 0.63125 0.87109375 0.0984375 0.25703125
0 0.8015625 0.73046875 0.0796875 0.115625
0 0.86796875 0.43125 0.0765625 0.11328125
0 0.83203125 0.94296875 0.1609375 0.1140625
1 0.5890625 0.10078125 0.09140625 0.1296875
1 0.6515625 0.103125 0.10078125 0.1390625