2 0.1390625 0.64921875 0.278125 0.4859375
2 0.61171875 0.4625 0.7765625 0.925
0 0.22734375 0.2921875 0.09375 0.13671875
1 0.08046875 0.38671875 0.103125 0.0625
1 0.19453125 0.390625 0.09609375 0.040625
1 0.415625 0.1421875 0.1203125 0.0484375
1 0.9328125 0.1421875 0.053125 0.03828125
0 0.65078125 0.878125 0.1109375 0.24375
0 0.8265625 0.74609375 0.09140625 0.12265625
0 0.8953125 0.4375 0.0796875 0.115625
0 0.8609375 0.953125 0.16328125 0.09375
1 0.6078125 0.09609375 0.08203125 0.1296875
1 0.6703125 0.09765625 0.10078125 0.13671875