2 0.2015625 0.1453125 0.21640625 0.18046875
2 0.15 0.3078125 0.103125 0.1296875
2 0.4 0.1453125 0.1703125 0.18046875
2 0.41484375 0.30390625 0.13671875 0.13203125
2 0.3078125 0.30546875 0.0625 0.125
2 0.24296875 0.30625 0.071875 0.12734375
2 0.275 0.4703125 0.13671875 0.0796875
2 0.3265625 0.4 0.02890625 0.05078125
2 0.28828125 0.4 0.03828125 0.0453125
2 0.2453125 0.4015625 0.03359375 0.0484375
2 0.41484375 0.30546875 0.13203125 0.1296875
2 0.4890625 0.60546875 0.228125 0.1296875
2 0.42578125 0.74140625 0.10078125 0.17578125
2 0.4234375 0.8453125 0.10078125 0.03125
2 0.50703125 0.8484375 0.0625 0.02421875
2 0.50859375 0.75234375 0.06015625 0.15859375
2 0.57421875 0.765625 0.0625 0.18046875
2 0.69609375 0.4375 0.1421875 0.1203125
2 0.8375 0.3421875 0.13203125 0.05546875
2 0.834375 0.22109375 0.134375 0.178125
2 0.7859375 0.0890625 0.240625 0.0671875
2 0.7125 0.2484375 0.09375 0.23828125
2 0.5875 0.30859375 0.1421875 0.11796875
2 0.5890625 0.17890625 0.1390625 0.25234375
1 0.203125 0.05078125 0.06484375 0.009375
1 0.41015625 0.05078125 0.06484375 0.01953125
1 0.48828125 0.146875 0.009375 0.0578125
1 0.4328125 0.375 0.053125 0.009375
1 0.34375 0.4671875 0.0046875 0.05546875
1 0.321875 0.5109375 0.03828125 0.01171875
1 0.22734375 0.51171875 0.03125 0.0140625
1 0.20546875 0.46875 0.01171875 0.053125
1 0.1453125 0.375 0.05078125 0.01953125
1 0.09375 0.13828125 0.009375 0.05078125
1 0.5140625 0.103125 0.009375 0.02890625
1 0.51328125 0.21484375 0.01171875 0.06015625
1 0.5140625 0.33515625 0.009375 0.0171875
1 0.9078125 0.2140625 0.01171875 0.053125
1 0.91015625 0.10234375 0.00703125 0.0265625
1 0.90859375 0.3375 0.009375 0.0265625
0 0.678125 0.1859375 0.03828125 0.040625
0 0.71484375 0.1453125 0.0265625 0.0453125
0 0.75390625 0.1890625 0.0359375 0.05078125
0 0.82109375 0.296875 0.0359375 0.05078125
0 0.6890625 0.37734375 0.0359375 0.0765625
0 0.6734375 0.3109375 0.03828125 0.0359375
0 0.35546875 0.35546875 0.04296875 0.03828125
0 0.321875 0.14453125 0.03359375 0.04296875
0 0.31953125 0.18515625 0.02890625 0.03359375
0 0.25 0.26171875 0.03359375 0.0484375
0 0.21484375 0.32421875 0.0359375 0.03359375
0 0.32578125 0.36328125 0.03125 0.053125
0 0.28515625 0.36171875 0.040625 0.040625
0 0.25625 0.359375 0.0359375 0.0453125
0 0.21484375 0.36796875 0.0265625 0.02421875
0 0.24140625 0.44375 0.0359375 0.0453125
0 0.26796875 0.5296875 0.03125 0.0453125
0 0.41796875 0.6296875 0.02890625 0.03828125
0 0.4578125 0.62734375 0.040625 0.053125
0 0.57578125 0.78125 0.03125 0.03359375