2 0.11875 0.334375 0.15625 0.5140625
2 0.18046875 0.61875 0.27421875 0.459375
2 0.259375 0.2328125 0.1109375 0.2984375
2 0.35546875 0.17421875 0.0578125 0.18984375
2 0.35546875 0.34765625 0.0578125 0.12734375
2 0.35703125 0.48046875 0.06015625 0.115625
2 0.4078125 0.69453125 0.165625 0.28359375
2 0.46875 0.203125 0.14921875 0.24765625
2 0.6515625 0.23046875 0.2015625 0.4375
2 0.5609375 0.6265625 0.3484375 0.57421875
2 0.828125 0.60703125 0.2140625 0.2765625
2 0.828125 0.83203125 0.23828125 0.14921875
2 0.8765625 0.38671875 0.12734375 0.196875
2 0.7671875 0.38203125 0.0765625 0.15390625
2 0.765625 0.259375 0.07421875 0.0578125
2 0.8328125 0.17421875 0.209375 0.18515625
0 0.40390625 0.21484375 0.03828125 0.06484375
0 0.44140625 0.30859375 0.0453125 0.0890625
0 0.25703125 0.4203125 0.04296875 0.09140625
0 0.30390625 0.47265625 0.0453125 0.07421875
0 0.37265625 0.47578125 0.053125 0.08203125
0 0.40390625 0.3859375 0.0484375 0.06015625
0 0.8375 0.47734375 0.040625 0.0890625
0 0.82421875 0.35703125 0.0484375 0.06953125
0 0.83515625 0.26171875 0.040625 0.09140625
0 0.7390625 0.18125 0.05078125 0.06953125
0 0.7640625 0.1984375 0.0484375 0.06484375
0 0.9578125 0.196875 0.05078125 0.08203125
0 0.7640625 0.7875 0.03828125 0.0890625
1 0.6296875 0.9015625 0.115625 0.02421875
1 0.55546875 0.87734375 0.02421875 0.04296875
1 0.40859375 0.8453125 0.0765625 0.03125
1 0.31953125 0.80390625 0.009375 0.05078125
1 0.0359375 0.35546875 0.009375 0.21171875
1 0.47109375 0.07578125 0.0765625 0.0171875
1 0.5921875 0.0453125 0.03125 0.0484375
1 0.65 0.025 0.07421875 0.021875
1 0.71015625 0.05546875 0.021875 0.053125
1 0.85234375 0.0765625 0.06484375 0.0140625
1 0.94375 0.37265625 0.0171875 0.071875
1 0.94453125 0.65859375 0.0140625 0.125
1 0.8265625 0.7546875 0.0765625 0.009375