1 0.50546875 0.1078125 0.5265625 0.215625
1 0.31484375 0.37265625 0.1296875 0.34140625
1 0.29296875 0.5453125 0.09609375 0.16796875
1 0.31640625 0.76171875 0.13203125 0.2546875
1 0.5734375 0.859375 0.37734375 0.0796875
1 0.45546875 0.725 0.146875 0.18046875
1 0.5734375 0.7875 0.07421875 0.06015625
1 0.475 0.4734375 0.37734375 0.571875
1 0.6875 0.6765625 0.1875 0.290625
1 0.62734375 0.46015625 0.09609375 0.13671875
1 0.7171875 0.46015625 0.0984375 0.13671875
1 0.671875 0.290625 0.1703125 0.178125
1 0.70078125 0.06015625 0.11796875 0.09140625
0 0.6859375 0.125 0.040625 0.0578125
0 0.6703125 0.196875 0.0484375 0.10078125
0 0.56953125 0.30859375 0.0484375 0.09375
0 0.6265625 0.37109375 0.040625 0.05546875
0 0.66328125 0.4171875 0.03828125 0.05546875
0 0.65625 0.55625 0.03828125 0.05546875
0 0.59140625 0.728125 0.04296875 0.0625
0 0.5890625 0.84375 0.053125 0.071875
0 0.42578125 0.615625 0.0484375 0.0578125
0 0.36328125 0.521875 0.0484375 0.0625
0 0.3265625 0.56875 0.04296875 0.0453125
0 0.359375 0.61328125 0.040625 0.0578125
1 0.3140625 0.8921875 0.07421875 0.02421875
1 0.33046875 0.19609375 0.06484375 0.021875
1 0.43125 0.1984375 0.05546875 0.01171875
1 0.49140625 0.19921875 0.05546875 0.01953125
1 0.55078125 0.19609375 0.053125 0.0171875
1 0.61640625 0.19921875 0.06484375 0.02890625
1 0.69453125 0.82109375 0.0671875 0.0171875
1 0.48046875 0.81953125 0.0671875 0.02890625