1 0.50703125 0.12265625 0.52890625 0.2453125
1 0.31640625 0.384375 0.146875 0.34609375
1 0.29453125 0.55859375 0.11796875 0.17578125
1 0.3171875 0.775 0.15390625 0.26171875
1 0.57421875 0.8734375 0.3703125 0.146875
1 0.45703125 0.7390625 0.16796875 0.19921875
1 0.57421875 0.80078125 0.071875 0.053125
1 0.47578125 0.48671875 0.321875 0.56484375
1 0.6890625 0.69140625 0.18984375 0.290625
1 0.62890625 0.4734375 0.09375 0.134375
1 0.71875 0.4734375 0.10078125 0.1390625
1 0.6734375 0.30390625 0.196875 0.2046875
1 0.7015625 0.0734375 0.115625 0.0890625
0 0.6875 0.1390625 0.03828125 0.053125
0 0.671875 0.21171875 0.05546875 0.10078125
0 0.57109375 0.321875 0.040625 0.09140625
0 0.62734375 0.3859375 0.04296875 0.06015625
0 0.66484375 0.43046875 0.0359375 0.053125
0 0.6578125 0.56953125 0.040625 0.0578125
0 0.5921875 0.74140625 0.040625 0.06015625
0 0.58984375 0.85703125 0.05546875 0.07421875
0 0.4265625 0.6296875 0.040625 0.0578125
0 0.3640625 0.5359375 0.05078125 0.0625
0 0.328125 0.58203125 0.040625 0.04296875
0 0.3609375 0.6265625 0.04296875 0.06015625
1 0.31484375 0.9046875 0.071875 0.01171875
1 0.33203125 0.21015625 0.0671875 0.021875
1 0.4328125 0.2125 0.053125 0.01171875
1 0.49296875 0.2125 0.053125 0.0171875
1 0.5515625 0.21015625 0.05546875 0.01171875
1 0.61796875 0.21171875 0.0625 0.02890625
1 0.69609375 0.834375 0.06953125 0.01953125
1 0.4828125 0.834375 0.0671875 0.01953125