1 0.49765625 0.11796875 0.52421875 0.2359375
1 0.30859375 0.3734375 0.17578125 0.3484375
1 0.2875 0.5453125 0.0890625 0.16796875
1 0.31015625 0.759375 0.15859375 0.259375
1 0.56484375 0.85703125 0.3703125 0.06953125
1 0.4484375 0.7234375 0.1515625 0.1828125
1 0.56484375 0.78515625 0.071875 0.06015625
1 0.46640625 0.475 0.365625 0.56953125
1 0.678125 0.6765625 0.14453125 0.2765625
1 0.61796875 0.46171875 0.10078125 0.134375
1 0.7078125 0.46171875 0.0984375 0.1390625
1 0.6625 0.29453125 0.17578125 0.18046875
1 0.68984375 0.06484375 0.1203125 0.10078125
0 0.6765625 0.1296875 0.0453125 0.053125
0 0.6609375 0.2015625 0.053125 0.09609375
0 0.5625 0.3109375 0.04296875 0.0890625
0 0.61640625 0.3734375 0.0359375 0.05546875
0 0.65390625 0.41953125 0.03359375 0.05078125
0 0.646875 0.5578125 0.04296875 0.0578125
0 0.5828125 0.72734375 0.040625 0.06015625
0 0.58046875 0.83984375 0.05546875 0.06953125
0 0.41796875 0.615625 0.0484375 0.0625
0 0.35703125 0.52265625 0.0453125 0.06015625
0 0.32109375 0.56875 0.040625 0.0453125
0 0.353125 0.61328125 0.03828125 0.0578125
1 0.3078125 0.8890625 0.0765625 0.01953125
1 0.32421875 0.2015625 0.0625 0.01953125
1 0.42578125 0.2046875 0.053125 0.01953125
1 0.484375 0.203125 0.05546875 0.01171875
1 0.5421875 0.20078125 0.05546875 0.0171875
1 0.6078125 0.2015625 0.0625 0.01953125
1 0.68515625 0.81953125 0.0671875 0.0140625
1 0.4734375 0.8171875 0.0671875 0.01953125