2 0.0765625 0.2015625 0.153125 0.403125
2 0.38671875 0.6265625 0.759375 0.69453125
2 0.36875 0.21875 0.43984375 0.4375
2 0.66484375 0.1421875 0.18515625 0.28359375
2 0.86640625 0.24609375 0.2671875 0.37734375
2 0.85703125 0.6921875 0.2859375 0.54296875
1 0.021875 0.6890625 0.04296875 0.40625
1 0.1609375 0.1984375 0.10546875 0.38203125
0 0.1046875 0.37265625 0.1078125 0.14921875
0 0.5421875 0.3640625 0.103125 0.12265625
0 0.6625 0.3453125 0.0890625 0.146875
0 0.79296875 0.3578125 0.09609375 0.115625
0 0.7953125 0.5921875 0.1203125 0.12734375
0 0.6890625 0.921875 0.1078125 0.15625