2 0.0875 0.23203125 0.175 0.4078125
2 0.37734375 0.64609375 0.7546875 0.7078125
2 0.353125 0.24140625 0.39921875 0.42578125
2 0.6421875 0.171875 0.196875 0.30078125
2 0.85234375 0.28125 0.2953125 0.375
2 0.85703125 0.71640625 0.2859375 0.51953125
1 0.98671875 0.28359375 0.0265625 0.33203125
1 0.98515625 0.6796875 0.0296875 0.41875
1 0.01328125 0.71015625 0.0265625 0.396875
1 0.14921875 0.228125 0.08671875 0.3890625
0 0.09375 0.40390625 0.10078125 0.14453125
0 0.5203125 0.3953125 0.0890625 0.11328125
0 0.63671875 0.37734375 0.0765625 0.1390625
0 0.7640625 0.3890625 0.09609375 0.115625
0 0.76953125 0.61796875 0.10546875 0.1203125
0 0.6625 0.93125 0.103125 0.13671875