2 0.0796875 0.23046875 0.1390625 0.39453125
2 0.38125 0.64296875 0.76171875 0.709375
2 0.36171875 0.23828125 0.459375 0.47578125
2 0.64765625 0.16953125 0.19921875 0.30078125
2 0.86015625 0.27734375 0.2796875 0.3578125
2 0.84375 0.709375 0.3125 0.52890625
1 0.9875 0.27890625 0.025 0.3234375
1 0.9828125 0.6734375 0.03359375 0.41328125
1 0.02265625 0.703125 0.0453125 0.3921875
1 0.1609375 0.22578125 0.09609375 0.384375
0 0.10546875 0.39921875 0.09140625 0.1390625
0 0.52734375 0.390625 0.0984375 0.11796875
0 0.64453125 0.37265625 0.08671875 0.1390625
0 0.76953125 0.384375 0.09609375 0.115625
0 0.77265625 0.61171875 0.103125 0.11796875
0 0.6671875 0.92734375 0.0875 0.1453125