2 0.3125 0.2796875 0.3171875 0.44921875
2 0.22578125 0.515625 0.10546875 0.12734375
2 0.3859375 0.49609375 0.11328125 0.1609375
2 0.41015625 0.3734375 0.06484375 0.09375
2 0.303125 0.53359375 0.0671875 0.09609375
2 0.140625 0.22578125 0.0890625 0.259375
2 0.1203125 0.6203125 0.14921875 0.0625
2 0.2359375 0.615625 0.08203125 0.0578125
2 0.16015625 0.72578125 0.24765625 0.1921875
2 0.61171875 0.2328125 0.11328125 0.27421875
2 0.728125 0.1515625 0.14453125 0.16796875
2 0.8609375 0.1515625 0.14453125 0.16796875
2 0.68125 0.3265625 0.06953125 0.16328125
2 0.78359375 0.33203125 0.14921875 0.2015625
2 0.890625 0.27734375 0.07421875 0.103125
2 0.85703125 0.37734375 0.06953125 0.09609375
2 0.78828125 0.4546875 0.2984375 0.29296875
2 0.6734375 0.6671875 0.35546875 0.21875
1 0.27734375 0.0609375 0.03125 0.0265625
1 0.3140625 0.06484375 0.0265625 0.02890625
1 0.178125 0.134375 0.01953125 0.071875
1 0.17890625 0.259375 0.021875 0.08671875
1 0.44609375 0.15859375 0.03125 0.09609375
1 0.4421875 0.2765625 0.01953125 0.02890625
1 0.44453125 0.39765625 0.0140625 0.03125
1 0.44609375 0.4640625 0.0171875 0.04296875
1 0.446875 0.52265625 0.01953125 0.0265625
1 0.36328125 0.584375 0.03359375 0.03359375
1 0.1046875 0.8109375 0.01171875 0.01171875
1 0.76171875 0.5921875 0.03828125 0.03125
1 0.8265625 0.59609375 0.03828125 0.02890625
1 0.92890625 0.52265625 0.0171875 0.05078125
1 0.92890625 0.28359375 0.01171875 0.03359375
1 0.93046875 0.13671875 0.01953125 0.04296875
1 0.82578125 0.0671875 0.0359375 0.02421875
1 0.7609375 0.06484375 0.0359375 0.02890625
1 0.65859375 0.13828125 0.0140625 0.05078125
1 0.77890625 0.2125 0.03359375 0.05546875
1 0.80859375 0.2078125 0.0265625 0.0453125
1 0.7015625 0.265625 0.02890625 0.0359375
1 0.81640625 0.35078125 0.0359375 0.053125
1 0.80390625 0.44453125 0.03125 0.0484375
1 0.7703125 0.44609375 0.040625 0.06015625
1 0.3375 0.1515625 0.0453125 0.08671875
1 0.1625 0.1890625 0.03125 0.03125
1 0.36328125 0.38125 0.03828125 0.05078125
1 0.321875 0.446875 0.02890625 0.0484375
1 0.31640625 0.50703125 0.040625 0.0625
1 0.2828125 0.515625 0.03125 0.03125
1 0.31953125 0.60703125 0.03359375 0.05078125
1 0.2875 0.625 0.0453125 0.0578125
1 0.08671875 0.6265625 0.03359375 0.06015625
1 0.08984375 0.5671875 0.03125 0.0671875
1 0.1671875 0.5265625 0.0453125 0.0578125
1 0.3890625 0.4953125 0.03828125 0.0578125