1 0.33984375 0.4578125 0.63671875 0.81015625
1 0.421875 0.19140625 0.2140625 0.290625
1 0.421875 0.4984375 0.2046875 0.271875
1 0.73671875 0.41484375 0.4640625 0.73828125
0 0.5109375 0.83125 0.159375 0.3375
0 0.37890625 0.671875 0.084375 0.11328125
0 0.29453125 0.19375 0.12265625 0.12734375
0 0.5578125 0.19375 0.1296875 0.13203125
0 0.584375 0.58671875 0.1296875 0.15390625
1 0.16953125 0.04921875 0.290625 0.05078125
1 0.4578125 0.0421875 0.09375 0.03125
1 0.74140625 0.05078125 0.415625 0.0765625