2 0.3234375 0.084375 0.21875 0.134375
2 0.52265625 0.203125 0.2328125 0.36328125
2 0.6984375 0.2015625 0.18984375 0.35546875
2 0.44453125 0.384375 0.5 0.509375
2 0.3171875 0.66484375 0.20703125 0.3484375
2 0.46484375 0.6875 0.084375 0.134375
2 0.553125 0.6890625 0.09140625 0.12734375
2 0.68984375 0.68359375 0.2015625 0.1609375
2 0.73046875 0.5515625 0.115625 0.12734375
2 0.73046875 0.4328125 0.115625 0.10546875
1 0.3265625 0.84609375 0.1109375 0.02890625
1 0.553125 0.7546875 0.071875 0.01953125
1 0.678125 0.75859375 0.071875 0.021875
1 0.521875 0.02265625 0.08671875 0.03125
1 0.68984375 0.0265625 0.09140625 0.02421875
1 0.27734375 0.15 0.1078125 0.0453125
0 0.38828125 0.13125 0.06015625 0.084375
0 0.64453125 0.3578125 0.0578125 0.0765625
0 0.58515625 0.3578125 0.06484375 0.08203125
0 0.40859375 0.584375 0.0578125 0.0671875
0 0.53828125 0.5984375 0.053125 0.09140625
0 0.47265625 0.646875 0.0453125 0.071875
0 0.47265625 0.7796875 0.0453125 0.06484375
0 0.64296875 0.60078125 0.05078125 0.08203125
0 0.6609375 0.4484375 0.071875 0.07421875
0 0.703125 0.646875 0.06484375 0.0765625