2 0.33359375 0.05859375 0.2171875 0.1171875
2 0.53984375 0.17890625 0.18046875 0.3578125
2 0.71796875 0.18125 0.2265625 0.3625
2 0.459375 0.365625 0.51953125 0.52421875
2 0.3296875 0.65390625 0.2359375 0.3703125
2 0.48046875 0.67421875 0.09140625 0.13671875
2 0.57109375 0.6765625 0.103125 0.13671875
2 0.7125 0.671875 0.2046875 0.1609375
2 0.7546875 0.5359375 0.115625 0.1296875
2 0.7546875 0.41484375 0.1203125 0.11328125
1 0.3375 0.8390625 0.11328125 0.02421875
1 0.57109375 0.7453125 0.07421875 0.02890625
1 0.6984375 0.7484375 0.07421875 0.03125
1 0.5375 0.00234375 0.084375 0.0046875
1 0.71171875 0.00234375 0.09609375 0.0046875
1 0.28828125 0.1234375 0.115625 0.040625
0 0.4015625 0.1046875 0.0671875 0.0890625
0 0.66484375 0.3390625 0.0453125 0.071875
0 0.6046875 0.3375 0.06953125 0.084375
0 0.4234375 0.57109375 0.0671875 0.07421875
0 0.55625 0.58515625 0.0453125 0.0890625
0 0.48828125 0.634375 0.0625 0.0765625
0 0.4890625 0.771875 0.05546875 0.0671875
0 0.66328125 0.5875 0.0484375 0.0796875
0 0.68125 0.43046875 0.06953125 0.071875
0 0.725 0.63359375 0.06953125 0.0796875