2 0.32578125 0.0921875 0.2234375 0.15625
2 0.52421875 0.21015625 0.178125 0.3484375
2 0.696875 0.21015625 0.22109375 0.3578125
2 0.44609375 0.390625 0.49765625 0.50234375
2 0.32109375 0.66796875 0.2046875 0.34609375
2 0.46640625 0.6890625 0.08203125 0.13203125
2 0.553125 0.69140625 0.09140625 0.12734375
2 0.68984375 0.6859375 0.1875 0.13671875
2 0.73046875 0.55546875 0.115625 0.1296875
2 0.7296875 0.4375 0.1078125 0.09609375
1 0.328125 0.84765625 0.1078125 0.0171875
1 0.553125 0.75703125 0.071875 0.01953125
1 0.6765625 0.7609375 0.06953125 0.021875
1 0.521875 0.0328125 0.08203125 0.0359375
1 0.6890625 0.03515625 0.0890625 0.03125
1 0.28125 0.15859375 0.1109375 0.02890625
0 0.390625 0.1390625 0.07421875 0.09140625
0 0.64453125 0.3640625 0.04296875 0.06953125
0 0.58515625 0.3640625 0.06015625 0.0796875
0 0.4109375 0.5890625 0.0671875 0.071875
0 0.53828125 0.603125 0.0484375 0.08671875
0 0.4734375 0.65 0.0578125 0.07421875
0 0.475 0.78359375 0.0453125 0.0625
0 0.64296875 0.6046875 0.05546875 0.0796875
0 0.66015625 0.453125 0.06953125 0.07421875
0 0.7015625 0.65 0.0578125 0.06953125