2 0.115625 0.3078125 0.09140625 0.14453125
2 0.1515625 0.55859375 0.16796875 0.334375
2 0.203125 0.41328125 0.06484375 0.0484375
2 0.203125 0.31015625 0.06484375 0.14453125
2 0.2828125 0.3640625 0.0796875 0.09375
2 0.28359375 0.45703125 0.0765625 0.0671875
2 0.359375 0.45546875 0.06015625 0.06953125
2 0.3171875 0.61171875 0.14453125 0.228125
2 0.33203125 0.3234375 0.178125 0.17578125
2 0.6 0.4796875 0.396875 0.49296875
2 0.65390625 0.61171875 0.053125 0.11796875
2 0.740625 0.64921875 0.10078125 0.04296875
2 0.71640625 0.7078125 0.15859375 0.040625
2 0.86640625 0.61875 0.12265625 0.2140625
2 0.8609375 0.36796875 0.14453125 0.26953125
2 0.734375 0.34140625 0.12734375 0.21171875
1 0.28359375 0.23046875 0.071875 0.01953125
1 0.47734375 0.23046875 0.07421875 0.02421875
1 0.5921875 0.23203125 0.07421875 0.0171875
1 0.73671875 0.23203125 0.07421875 0.021875
1 0.8640625 0.2328125 0.07421875 0.0140625
1 0.86796875 0.73203125 0.071875 0.0171875
1 0.5046875 0.734375 0.15390625 0.0171875
1 0.321875 0.73203125 0.0671875 0.0171875
0 0.12265625 0.21484375 0.0484375 0.06953125
0 0.1890625 0.2125 0.0453125 0.06953125
0 0.36328125 0.23203125 0.04296875 0.1078125
0 0.30390625 0.2984375 0.0359375 0.053125
0 0.4125 0.390625 0.0453125 0.0453125
0 0.2859375 0.51171875 0.03828125 0.053125
0 0.36171875 0.50859375 0.03125 0.05078125
0 0.37109375 0.525 0.05546875 0.06015625
0 0.2140625 0.46640625 0.0484375 0.071875
0 0.165625 0.76796875 0.1109375 0.084375
0 0.66484375 0.53828125 0.0359375 0.0578125
0 0.75234375 0.59765625 0.04296875 0.06015625
0 0.7515625 0.4328125 0.05078125 0.0578125
0 0.81640625 0.47734375 0.0453125 0.05078125
0 0.81484375 0.5921875 0.0484375 0.05546875
0 0.75234375 0.70078125 0.0484375 0.06015625