2 0.2453125 0.43515625 0.4328125 0.696875
2 0.21484375 0.79296875 0.12265625 0.04296875
2 0.11328125 0.6296875 0.0765625 0.08671875
2 0.11171875 0.740625 0.09375 0.14453125
2 0.35234375 0.7609375 0.12734375 0.11796875
2 0.33203125 0.8859375 0.1734375 0.13671875
2 0.34765625 0.646875 0.1421875 0.134375
2 0.6609375 0.13125 0.34140625 0.11796875
2 0.60078125 0.38125 0.28359375 0.415625
2 0.74296875 0.296875 0.16796875 0.228125
2 0.7765625 0.51953125 0.115625 0.1203125
2 0.74140625 0.696875 0.19453125 0.25
2 0.56640625 0.696875 0.165625 0.240625
0 0.24296875 0.07421875 0.0671875 0.08671875
0 0.165625 0.64765625 0.0484375 0.05078125
0 0.33984375 0.5578125 0.05078125 0.0625
0 0.34375 0.678125 0.0484375 0.0625
0 0.2203125 0.74765625 0.05546875 0.0625
0 0.1671875 0.75 0.040625 0.04296875
0 0.228125 0.91484375 0.071875 0.07421875
0 0.62265625 0.1765625 0.0671875 0.13203125
0 0.68359375 0.178125 0.084375 0.1390625
0 0.68359375 0.3890625 0.05546875 0.0671875
0 0.696875 0.52890625 0.0578125 0.04296875
0 0.6828125 0.6078125 0.0484375 0.0578125
0 0.62265625 0.60546875 0.0625 0.0671875
1 0.16953125 0.82578125 0.0359375 0.0265625
1 0.2203125 0.81953125 0.0453125 0.02421875
1 0.5828125 0.821875 0.040625 0.01953125
1 0.625 0.821875 0.02421875 0.0140625
1 0.678125 0.8234375 0.02890625 0.01171875
1 0.7203125 0.8265625 0.0453125 0.02421875
1 0.734375 0.17578125 0.05078125 0.03359375
1 0.68125 0.17890625 0.0453125 0.0171875
1 0.62109375 0.17890625 0.0453125 0.0171875
1 0.57109375 0.178125 0.0453125 0.02421875
1 0.33671875 0.0984375 0.071875 0.02421875
1 0.3921875 0.1 0.02421875 0.021875
1 0.16484375 0.0984375 0.084375 0.01953125
1 0.09609375 0.0984375 0.02890625 0.02421875