1 0.2703125 0.29453125 0.48828125 0.5453125
1 0.1671875 0.48203125 0.228125 0.271875
1 0.2234375 0.41796875 0.115625 0.14453125
1 0.16796875 0.75234375 0.21640625 0.25
1 0.16015625 0.94453125 0.228125 0.1109375
1 0.625 0.6296875 0.72578125 0.740625
1 0.72734375 0.16484375 0.4828125 0.2328125
1 0.6875 0.27890625 0.10078125 0.03359375
1 0.8015625 0.27734375 0.103125 0.03125
1 0.9109375 0.27890625 0.10078125 0.03828125
1 0.97109375 0.3765625 0.03359375 0.146875
1 0.8234375 0.9890625 0.103125 0.021875
1 0.70625 0.98515625 0.1 0.0296875
1 0.3546875 0.984375 0.103125 0.03125
1 0.053125 0.140625 0.02421875 0.0890625
1 0.053125 0.478125 0.02890625 0.09140625
1 0.05625 0.68984375 0.0171875 0.08671875
1 0.396875 0.03984375 0.10078125 0.0359375
0 0.35234375 0.49765625 0.11328125 0.15390625
0 0.5828125 0.228125 0.0984375 0.14921875
0 0.13828125 0.66953125 0.11328125 0.1515625
0 0.2453125 0.71015625 0.125 0.146875
0 0.1671875 0.93359375 0.1078125 0.13203125