1 0.271875 0.28125 0.446875 0.5140625
1 0.16953125 0.46640625 0.24296875 0.27890625
1 0.22578125 0.40390625 0.10546875 0.14453125
1 0.16953125 0.7359375 0.2328125 0.2640625
1 0.16328125 0.93046875 0.23046875 0.1296875
1 0.61796875 0.61171875 0.7640625 0.7765625
1 0.7234375 0.15234375 0.4859375 0.25234375
1 0.68515625 0.265625 0.10078125 0.040625
1 0.796875 0.2640625 0.103125 0.04296875
1 0.90625 0.2640625 0.10078125 0.0484375
1 0.96484375 0.36171875 0.0359375 0.146875
1 0.8171875 0.98046875 0.10546875 0.03828125
1 0.7046875 0.97734375 0.10546875 0.0453125
1 0.3546875 0.97734375 0.103125 0.0359375
1 0.05625 0.1296875 0.0265625 0.08671875
1 0.05625 0.4625 0.0265625 0.0890625
1 0.06015625 0.6734375 0.02421875 0.08671875
1 0.396875 0.0296875 0.10078125 0.021875
0 0.353125 0.4828125 0.10546875 0.15390625
0 0.58046875 0.21484375 0.0890625 0.1421875
0 0.1421875 0.65390625 0.09609375 0.14453125
0 0.24609375 0.69375 0.11796875 0.1421875
0 0.16875 0.92265625 0.128125 0.1546875