1 0.24296875 0.28125 0.4859375 0.5578125
1 0.13125 0.47109375 0.25703125 0.29296875
1 0.18984375 0.40625 0.1203125 0.14921875
1 0.13125 0.7453125 0.2234375 0.259375
1 0.125 0.93125 0.240625 0.13671875
1 0.5953125 0.60703125 0.80546875 0.7859375
1 0.69921875 0.15 0.4859375 0.228125
1 0.65859375 0.265625 0.10078125 0.0265625
1 0.77421875 0.2640625 0.10546875 0.0484375
1 0.88671875 0.2640625 0.10078125 0.03359375
1 0.94609375 0.365625 0.0171875 0.14921875
1 0.79453125 0.9875 0.1046875 0.025
1 0.678125 0.9875 0.103125 0.025
1 0.31953125 0.98046875 0.10546875 0.03828125
1 0.0171875 0.1265625 0.02890625 0.0890625
1 0.015625 0.46640625 0.03125 0.09140625
1 0.01953125 0.68125 0.01953125 0.084375
1 0.3640625 0.02421875 0.103125 0.03828125
0 0.31953125 0.48671875 0.09140625 0.146875
0 0.553125 0.2125 0.115625 0.15625
0 0.10234375 0.6609375 0.11328125 0.15390625
0 0.21015625 0.7015625 0.12265625 0.14921875
0 0.13125 0.92890625 0.11796875 0.1421875