2 0.303125 0.14453125 0.33203125 0.1921875
2 0.6390625 0.26328125 0.4421875 0.42578125
2 0.26953125 0.3125 0.27890625 0.134375
2 0.27265625 0.4265625 0.290625 0.084375
2 0.4859375 0.56640625 0.52890625 0.1421875
2 0.55859375 0.9 0.1703125 0.13671875
2 0.6 0.72734375 0.2859375 0.18515625
2 0.33984375 0.8078125 0.25703125 0.34609375
1 0.33515625 0.0375 0.18046875 0.021875
1 0.59765625 0.0375 0.18984375 0.021875
1 0.60234375 0.48671875 0.2234375 0.021875
0 0.41484375 0.921875 0.146875 0.06015625
0 0.2984375 0.5109375 0.1390625 0.06484375
0 0.27734375 0.4109375 0.1078125 0.0625
0 0.41328125 0.17578125 0.15390625 0.0484375