2 0.23046875 0.41015625 0.27890625 0.2046875
2 0.4203125 0.37734375 0.10078125 0.1203125
2 0.515625 0.3796875 0.06953125 0.115625
2 0.4640625 0.55546875 0.1828125 0.23046875
2 0.70703125 0.41015625 0.3125 0.2046875
2 0.92734375 0.41171875 0.1453125 0.1890625
2 0.234375 0.584375 0.271875 0.1828125
0 0.35078125 0.56484375 0.0578125 0.04296875
0 0.41484375 0.67578125 0.0796875 0.10078125
0 0.42421875 0.4546875 0.06015625 0.0484375
0 0.50859375 0.45703125 0.06015625 0.0484375
0 0.5734375 0.47265625 0.06953125 0.05546875
0 0.86796875 0.4734375 0.125 0.0578125
0 0.35 0.47578125 0.05546875 0.04296875
1 0.09140625 0.43984375 0.01953125 0.10546875
1 0.09375 0.57109375 0.04296875 0.103125