2 0.2328125 0.4390625 0.27421875 0.19453125
2 0.4234375 0.4046875 0.1109375 0.13203125
2 0.5171875 0.4078125 0.071875 0.11796875
2 0.46484375 0.5828125 0.18046875 0.228125
2 0.70703125 0.4375 0.3171875 0.23046875
2 0.928125 0.44140625 0.1390625 0.18515625
2 0.23671875 0.61171875 0.28125 0.209375
0 0.35078125 0.5921875 0.0578125 0.040625
0 0.415625 0.7015625 0.0671875 0.08671875
0 0.428125 0.48203125 0.0625 0.05078125
0 0.509375 0.484375 0.0625 0.0453125
0 0.5734375 0.5 0.06953125 0.053125
0 0.86640625 0.5015625 0.12734375 0.06953125
0 0.35234375 0.50390625 0.06015625 0.05078125
1 0.09609375 0.46875 0.03359375 0.10546875
1 0.09609375 0.59765625 0.03828125 0.103125