2 0.2390625 0.41953125 0.26171875 0.18515625
2 0.4234375 0.38671875 0.10546875 0.125
2 0.515625 0.3890625 0.07421875 0.115625
2 0.4640625 0.5609375 0.16796875 0.21875
2 0.70078125 0.4203125 0.2859375 0.1734375
2 0.915625 0.4234375 0.125 0.178125
2 0.24296875 0.5890625 0.26953125 0.2015625
0 0.3546875 0.56953125 0.05546875 0.04296875
0 0.41796875 0.6765625 0.0765625 0.09375
0 0.4265625 0.46171875 0.06015625 0.053125
0 0.50859375 0.4640625 0.06015625 0.0484375
0 0.57109375 0.4796875 0.06484375 0.0453125
0 0.85546875 0.48046875 0.1203125 0.0578125
0 0.3546875 0.4828125 0.06015625 0.0484375
1 0.1046875 0.44921875 0.03125 0.10078125
1 0.10703125 0.57421875 0.0359375 0.10078125