2 0.61640625 0.165625 0.19453125 0.1734375
2 0.51171875 0.55546875 0.4328125 0.615625
2 0.64765625 0.771875 0.146875 0.1734375
2 0.64765625 0.62890625 0.13203125 0.12734375
2 0.36171875 0.78984375 0.11328125 0.11796875
2 0.3921875 0.6078125 0.178125 0.2453125
0 0.55390625 0.22578125 0.06015625 0.0765625
0 0.45546875 0.56875 0.05546875 0.06015625
0 0.56484375 0.7515625 0.0765625 0.0796875
0 0.61171875 0.7140625 0.040625 0.0625
0 0.4328125 0.790625 0.0484375 0.0578125
0 0.45078125 0.88125 0.07421875 0.0984375
1 0.41328125 0.25390625 0.10078125 0.05078125
1 0.6359375 0.25390625 0.1078125 0.021875
1 0.31015625 0.640625 0.03359375 0.1515625