2 0.5796875 0.14921875 0.1921875 0.1734375
2 0.475 0.5359375 0.4546875 0.625
2 0.6109375 0.75 0.125 0.15859375
2 0.6109375 0.6078125 0.1203125 0.115625
2 0.32578125 0.76953125 0.0984375 0.10078125
2 0.35546875 0.5890625 0.1734375 0.240625
0 0.51796875 0.2078125 0.05078125 0.07421875
0 0.41796875 0.54921875 0.0625 0.06484375
0 0.52890625 0.73046875 0.0765625 0.0765625
0 0.57421875 0.69375 0.053125 0.06953125
0 0.396875 0.7703125 0.04296875 0.05078125
0 0.41484375 0.859375 0.06484375 0.09375
1 0.37734375 0.23828125 0.10078125 0.03359375
1 0.5984375 0.2359375 0.1109375 0.02890625
1 0.27421875 0.6203125 0.03828125 0.14921875