2 0.60078125 0.15625 0.1921875 0.16796875
2 0.4984375 0.5359375 0.459375 0.6203125
2 0.63125 0.7453125 0.11796875 0.15390625
2 0.63203125 0.60703125 0.115625 0.1078125
2 0.35234375 0.7640625 0.11328125 0.115625
2 0.38125 0.5875 0.17578125 0.23828125
0 0.53984375 0.21484375 0.05546875 0.07421875
0 0.44375 0.5484375 0.06015625 0.0671875
0 0.55078125 0.72578125 0.0671875 0.0671875
0 0.59609375 0.68984375 0.0484375 0.0671875
0 0.4203125 0.765625 0.03828125 0.05078125
0 0.4390625 0.85234375 0.06953125 0.09375
1 0.40234375 0.24296875 0.0984375 0.0484375
1 0.61875 0.24140625 0.1078125 0.040625
1 0.3015625 0.61796875 0.0171875 0.14921875