2 0.05625 0.1421875 0.1125 0.240625
2 0.24375 0.078125 0.2859375 0.15625
2 0.20546875 0.28359375 0.25703125 0.303125
2 0.1515625 0.52890625 0.1296875 0.20703125
2 0.26328125 0.5046875 0.1078125 0.15859375
2 0.209375 0.71484375 0.22578125 0.1609375
2 0.56484375 0.4671875 0.54296875 0.68984375
2 0.70546875 0.26796875 0.19921875 0.25703125
2 0.88828125 0.30859375 0.18515625 0.34375
2 0.8890625 0.6421875 0.1828125 0.3125
2 0.7921875 0.84375 0.353125 0.09609375
2 0.053125 0.34375 0.09140625 0.15390625
0 0.04921875 0.46015625 0.05546875 0.07421875
0 0.06640625 0.7484375 0.06953125 0.103125
0 0.1234375 0.07578125 0.06953125 0.084375
0 0.34765625 0.1046875 0.05546875 0.0890625
0 0.2953125 0.18125 0.0625 0.07421875
0 0.771875 0.3640625 0.08203125 0.1078125
0 0.8265625 0.4421875 0.071875 0.08203125
0 0.82421875 0.57578125 0.0671875 0.06953125
0 0.6578125 0.60703125 0.06484375 0.09375
0 0.771875 0.83046875 0.071875 0.09375
0 0.29453125 0.7015625 0.06484375 0.0765625
0 0.1765625 0.66484375 0.06484375 0.084375
0 0.07421875 0.7453125 0.0625 0.071875
0 0.18515625 0.53828125 0.0671875 0.09140625
1 0.4328125 0.1359375 0.08671875 0.0171875
1 0.525 0.140625 0.0890625 0.03125
1 0.68984375 0.1390625 0.08671875 0.01953125
1 0.86875 0.13828125 0.0796875 0.0265625
1 0.8734375 0.7953125 0.0890625 0.03359375
1 0.6625 0.796875 0.03125 0.0171875
1 0.53359375 0.7953125 0.10078125 0.02890625
1 0.1984375 0.79296875 0.084375 0.03359375
1 0.2046875 0.1390625 0.08671875 0.0140625