2 0.05390625 0.14296875 0.1078125 0.24296875
2 0.24609375 0.0765625 0.2765625 0.1203125
2 0.20703125 0.28515625 0.240625 0.290625
2 0.1515625 0.5296875 0.134375 0.209375
2 0.2640625 0.50625 0.125 0.165625
2 0.209375 0.7171875 0.22578125 0.165625
2 0.56484375 0.4703125 0.490625 0.6515625
2 0.70703125 0.26953125 0.22109375 0.26953125
2 0.8890625 0.3109375 0.1921875 0.3484375
2 0.8890625 0.64296875 0.196875 0.31484375
2 0.79296875 0.8453125 0.35546875 0.11328125
2 0.053125 0.34375 0.08671875 0.15390625
0 0.05078125 0.4625 0.053125 0.07421875
0 0.06640625 0.75 0.07421875 0.10078125
0 0.125 0.0765625 0.071875 0.08203125
0 0.3484375 0.10546875 0.071875 0.09609375
0 0.2953125 0.1828125 0.071875 0.08203125
0 0.771875 0.36640625 0.0671875 0.0984375
0 0.8265625 0.44453125 0.0671875 0.0765625
0 0.82578125 0.5765625 0.06953125 0.0765625
0 0.65859375 0.6078125 0.0671875 0.09140625
0 0.771875 0.83203125 0.0765625 0.09609375
0 0.2953125 0.703125 0.0671875 0.07421875
0 0.1765625 0.665625 0.06015625 0.08203125
0 0.07421875 0.74765625 0.0625 0.071875
0 0.18515625 0.53984375 0.0625 0.084375
1 0.4328125 0.13671875 0.08671875 0.02421875
1 0.525 0.14453125 0.0890625 0.03828125
1 0.68984375 0.1421875 0.08671875 0.03359375
1 0.8703125 0.1390625 0.0765625 0.01953125
1 0.875 0.796875 0.08671875 0.03125
1 0.6625 0.7984375 0.03125 0.01953125
1 0.53515625 0.7984375 0.0984375 0.02890625
1 0.19921875 0.7953125 0.08671875 0.01953125
1 0.2046875 0.140625 0.08671875 0.021875