2 0.04296875 0.13671875 0.08203125 0.2359375
2 0.23671875 0.07578125 0.2859375 0.1515625
2 0.196875 0.2796875 0.21640625 0.2765625
2 0.14296875 0.5265625 0.11796875 0.20703125
2 0.25625 0.50234375 0.12734375 0.16796875
2 0.20078125 0.7140625 0.23828125 0.1828125
2 0.55625 0.46484375 0.53125 0.68515625
2 0.69921875 0.2640625 0.21640625 0.26953125
2 0.88359375 0.30546875 0.1609375 0.33671875
2 0.88203125 0.6390625 0.22109375 0.321875
2 0.7859375 0.84375 0.3609375 0.1296875
2 0.04296875 0.33828125 0.0859375 0.1546875
0 0.040625 0.4578125 0.053125 0.06953125
0 0.0578125 0.74765625 0.0671875 0.10078125
0 0.115625 0.071875 0.08203125 0.09140625
0 0.34140625 0.1 0.0578125 0.0890625
0 0.2875 0.1765625 0.06953125 0.0796875
0 0.765625 0.36171875 0.07421875 0.103125
0 0.821875 0.43984375 0.071875 0.0765625
0 0.81953125 0.5734375 0.0671875 0.06953125
0 0.6515625 0.60546875 0.0671875 0.09140625
0 0.7671875 0.83046875 0.071875 0.09375
0 0.2859375 0.70078125 0.0765625 0.084375
0 0.16796875 0.66328125 0.0625 0.08203125
0 0.06484375 0.7453125 0.0578125 0.0671875
0 0.1765625 0.5359375 0.06953125 0.09140625
1 0.42578125 0.13125 0.08671875 0.0265625
1 0.51796875 0.13671875 0.0890625 0.03828125
1 0.6828125 0.1359375 0.08671875 0.03125
1 0.8640625 0.13359375 0.0796875 0.021875
1 0.86875 0.7953125 0.0890625 0.03359375
1 0.65625 0.796875 0.03359375 0.0171875
1 0.52734375 0.7953125 0.0984375 0.03359375
1 0.18984375 0.79296875 0.08671875 0.02890625
1 0.196875 0.134375 0.08671875 0.0140625