2 0.0984375 0.19921875 0.125 0.1828125
2 0.22109375 0.19375 0.15390625 0.19453125
2 0.16796875 0.43359375 0.25 0.2953125
2 0.16796875 0.7015625 0.2640625 0.2640625
2 0.35078125 0.78359375 0.125 0.0765625
2 0.53359375 0.4953125 0.59140625 0.71640625
2 0.3546875 0.22265625 0.1421875 0.228125
2 0.33671875 0.40390625 0.10546875 0.1296875
2 0.60078125 0.4671875 0.39453125 0.728125
2 0.8640625 0.5765625 0.25703125 0.4953125
1 0.5890625 0.83515625 0.22109375 0.0796875
1 0.78359375 0.225 0.03828125 0.13203125
1 0.96171875 0.53359375 0.0484375 0.1921875
0 0.80078125 0.4421875 0.0625 0.09609375
0 0.4390625 0.2328125 0.06015625 0.09609375
0 0.17578125 0.228125 0.0671875 0.09140625
0 0.31015625 0.22578125 0.071875 0.09140625
0 0.265625 0.5296875 0.06484375 0.0890625
0 0.3578125 0.51953125 0.0578125 0.10078125
0 0.3375 0.7046875 0.06484375 0.1109375
0 0.3390625 0.884375 0.0765625 0.14453125
0 0.265625 0.6421875 0.06015625 0.10078125
1 0.13203125 0.08984375 0.03359375 0.0453125
1 0.2234375 0.0890625 0.1109375 0.0625
1 0.31640625 0.09375 0.05546875 0.0484375
1 0.040625 0.5015625 0.0484375 0.1421875
1 0.03984375 0.6625 0.03125 0.13203125