2 0.1 0.21015625 0.13203125 0.19453125
2 0.22578125 0.2046875 0.134375 0.1875
2 0.16953125 0.4546875 0.271875 0.3171875
2 0.1703125 0.7328125 0.259375 0.2546875
2 0.36171875 0.81875 0.12734375 0.0796875
2 0.55078125 0.5171875 0.5578125 0.71171875
2 0.3640625 0.234375 0.146875 0.23828125
2 0.34609375 0.421875 0.09609375 0.12734375
2 0.6203125 0.4890625 0.509375 0.78125
2 0.890625 0.60234375 0.21875 0.51171875
1 0.6078125 0.87265625 0.22578125 0.0625
1 0.81015625 0.23671875 0.0484375 0.13671875
1 0.98515625 0.55546875 0.0296875 0.1984375
0 0.828125 0.4640625 0.06484375 0.10078125
0 0.4515625 0.2453125 0.0578125 0.09609375
0 0.178125 0.240625 0.071875 0.09140625
0 0.31875 0.23828125 0.06484375 0.08671875
0 0.271875 0.55390625 0.0671875 0.09375
0 0.3703125 0.54296875 0.0625 0.10078125
0 0.34765625 0.7359375 0.06015625 0.1109375
0 0.3453125 0.92265625 0.071875 0.1546875
0 0.27265625 0.6703125 0.06953125 0.10546875
1 0.13203125 0.09765625 0.03359375 0.0453125
1 0.228125 0.09609375 0.1109375 0.0484375
1 0.32578125 0.1 0.05546875 0.05078125
1 0.03984375 0.52421875 0.040625 0.14921875
1 0.03828125 0.69140625 0.02890625 0.13671875