2 0.38671875 0.32578125 0.4515625 0.603125
2 0.54453125 0.384375 0.11796875 0.22578125
2 0.59375 0.38359375 0.26953125 0.69921875
2 0.75859375 0.73828125 0.1421875 0.2453125
2 0.75859375 0.43046875 0.165625 0.3703125
2 0.7390625 0.1453125 0.18984375 0.2234375
2 0.21875 0.44453125 0.071875 0.33203125
0 0.2390625 0.33046875 0.05078125 0.07421875
0 0.31875 0.24140625 0.0453125 0.06484375
0 0.553125 0.2984375 0.0484375 0.0765625
0 0.55390625 0.484375 0.03125 0.06015625
0 0.49765625 0.5296875 0.03828125 0.05078125
0 0.4984375 0.58046875 0.040625 0.05546875
0 0.5359375 0.72109375 0.03828125 0.115625
0 0.6828125 0.6890625 0.04296875 0.06484375
0 0.66484375 0.375 0.0359375 0.053125
0 0.665625 0.2796875 0.04296875 0.06484375
0 0.671875 0.22265625 0.040625 0.05078125
0 0.61796875 0.5203125 0.03359375 0.06015625
1 0.39765625 0.03828125 0.06953125 0.02890625
1 0.52421875 0.0421875 0.08671875 0.021875
1 0.63359375 0.03984375 0.0359375 0.021875
1 0.7015625 0.03984375 0.08671875 0.021875
1 0.82421875 0.3578125 0.03359375 0.125
1 0.82421875 0.5046875 0.009375 0.14453125
1 0.8265625 0.759375 0.009375 0.1921875
1 0.25234375 0.4671875 0.03828125 0.2046875
1 0.18515625 0.203125 0.0140625 0.1421875