2 0.134375 0.2875 0.26875 0.3125
2 0.08671875 0.6546875 0.1734375 0.43046875
2 0.06875 0.91015625 0.13671875 0.0890625
2 0.35 0.28984375 0.146875 0.31015625
2 0.35546875 0.6 0.15859375 0.30078125
2 0.3578125 0.84375 0.14921875 0.196875
2 0.2140625 0.8484375 0.15859375 0.196875
2 0.1984375 0.63671875 0.17578125 0.22578125
2 0.196875 0.4890625 0.16328125 0.0984375
2 0.6828125 0.50859375 0.46640625 0.74296875
2 0.80390625 0.61796875 0.2046875 0.134375
2 0.7609375 0.8125 0.2859375 0.26953125
2 0.81328125 0.071875 0.1890625 0.14375
2 0.33203125 0.06953125 0.1921875 0.1390625
1 0.15234375 0.13203125 0.06953125 0.01953125
1 0.58515625 0.13828125 0.146875 0.0359375
1 0.76953125 0.946875 0.1203125 0.03359375
1 0.334375 0.94453125 0.04296875 0.02890625
1 0.26171875 0.94921875 0.04296875 0.01953125
1 0.76953125 0.13671875 0.0671875 0.03359375
0 0.0828125 0.13203125 0.0890625 0.15390625
0 0.34609375 0.109375 0.0625 0.0890625
0 0.84140625 0.13828125 0.08671875 0.15625
0 0.69140625 0.634375 0.06953125 0.08203125
0 0.6546875 0.7015625 0.0796875 0.09609375
0 0.55546875 0.84375 0.0765625 0.10078125
0 0.55546875 0.9640625 0.0765625 0.071875
0 0.0890625 0.9625 0.071875 0.07421875
0 0.084375 0.8421875 0.08203125 0.0984375
0 0.09140625 0.56640625 0.071875 0.0796875
0 0.22578125 0.56015625 0.0625 0.08203125
0 0.30078125 0.57578125 0.071875 0.06953125
0 0.34140625 0.4734375 0.0625 0.08671875
0 0.24609375 0.725 0.06484375 0.0796875
0 0.2640625 0.79296875 0.0671875 0.0765625