2 0.140625 0.290625 0.28125 0.3265625
2 0.08671875 0.646875 0.1734375 0.4234375
2 0.06953125 0.8953125 0.1390625 0.0796875
2 0.35078125 0.290625 0.2015625 0.3171875
2 0.35546875 0.59375 0.1828125 0.2984375
2 0.3578125 0.83203125 0.134375 0.1875
2 0.21640625 0.8375 0.15390625 0.18984375
2 0.2015625 0.6296875 0.16328125 0.21640625
2 0.20078125 0.48671875 0.1609375 0.103125
2 0.67578125 0.5046875 0.54296875 0.76953125
2 0.79453125 0.61171875 0.19453125 0.1078125
2 0.75234375 0.8015625 0.303125 0.2859375
2 0.803125 0.071875 0.184375 0.14375
2 0.33203125 0.07109375 0.1875 0.1421875
1 0.15625 0.13671875 0.0671875 0.02890625
1 0.58203125 0.14296875 0.14453125 0.03125
1 0.759375 0.9328125 0.1203125 0.03828125
1 0.33515625 0.93125 0.040625 0.03125
1 0.26328125 0.93515625 0.040625 0.02421875
1 0.759375 0.1421875 0.0671875 0.02890625
0 0.0890625 0.13671875 0.08203125 0.14921875
0 0.34609375 0.1140625 0.0671875 0.0890625
0 0.83203125 0.14453125 0.0578125 0.14921875
0 0.68359375 0.62734375 0.06484375 0.0765625
0 0.64921875 0.69375 0.0671875 0.084375
0 0.5515625 0.83203125 0.06484375 0.09609375
0 0.55078125 0.95625 0.0765625 0.0875
0 0.09609375 0.95546875 0.08203125 0.0890625
0 0.09140625 0.83046875 0.0765625 0.0890625
0 0.09765625 0.5609375 0.06953125 0.07421875
0 0.22734375 0.55546875 0.06484375 0.08203125
0 0.3015625 0.57109375 0.06484375 0.06015625
0 0.34140625 0.4703125 0.0625 0.084375
0 0.2484375 0.71640625 0.06015625 0.0765625
0 0.2671875 0.7828125 0.0625 0.06484375