2 0.09375 0.4234375 0.10078125 0.696875
2 0.41484375 0.4359375 0.5265625 0.68984375
2 0.23828125 0.640625 0.1875 0.28125
2 0.4828125 0.70078125 0.09140625 0.1609375
2 0.69453125 0.6921875 0.178125 0.2015625
2 0.725 0.5171875 0.11328125 0.15859375
2 0.68125 0.259375 0.209375 0.34609375
2 0.50390625 0.2609375 0.165625 0.3296875
1 0.22265625 0.07578125 0.0984375 0.05078125
1 0.3546875 0.08046875 0.040625 0.0359375
1 0.53125 0.0796875 0.071875 0.0484375
1 0.71640625 0.08046875 0.0671875 0.0359375
1 0.14921875 0.1921875 0.04296875 0.2015625
1 0.15 0.62734375 0.03125 0.125
0 0.15234375 0.4390625 0.103125 0.0984375
0 0.48203125 0.390625 0.06015625 0.0984375
0 0.5265625 0.6390625 0.0671875 0.08671875
0 0.6515625 0.4703125 0.0484375 0.0984375
0 0.64921875 0.55859375 0.053125 0.0796875
0 0.703125 0.64453125 0.05546875 0.10078125
0 0.5921875 0.79296875 0.07421875 0.21171875