2 0.7234375 0.790625 0.2359375 0.25
2 0.53984375 0.8265625 0.13203125 0.178125
2 0.7015625 0.56640625 0.2984375 0.209375
2 0.51171875 0.5984375 0.08203125 0.1203125
2 0.490625 0.39296875 0.79296875 0.78125
2 0.91484375 0.2609375 0.1515625 0.43984375
2 0.32421875 0.1671875 0.41328125 0.32421875
0 0.365625 0.26796875 0.0765625 0.0796875
0 0.8484375 0.25 0.1390625 0.0625
0 0.43359375 0.7484375 0.084375 0.13671875
0 0.52265625 0.67578125 0.0453125 0.0484375
0 0.5765625 0.6765625 0.04296875 0.05078125
0 0.62890625 0.69375 0.07421875 0.06015625
0 0.5328125 0.7234375 0.040625 0.053125
1 0.1234375 0.37890625 0.0265625 0.13671875
1 0.12265625 0.58671875 0.02421875 0.134375
1 0.2703125 0.03515625 0.0984375 0.0265625
1 0.38671875 0.03828125 0.10078125 0.02421875