2 0.3609375 0.1625 0.28359375 0.31015625
2 0.3609375 0.4234375 0.2546875 0.23046875
2 0.26953125 0.58203125 0.0484375 0.08203125
2 0.32421875 0.58671875 0.0625 0.08203125
2 0.36171875 0.66796875 0.290625 0.29296875
2 0.58203125 0.4234375 0.1390625 0.23046875
2 0.709375 0.42421875 0.115625 0.21875
2 0.6453125 0.6703125 0.28125 0.28359375
0 0.69921875 0.775 0.03828125 0.05078125
0 0.41953125 0.83046875 0.05546875 0.06953125
0 0.3890625 0.33203125 0.0484375 0.053125
1 0.30859375 0.31015625 0.0890625 0.03359375
1 0.43515625 0.3109375 0.053125 0.01171875
1 0.5921875 0.30625 0.09375 0.03125
1 0.69921875 0.30859375 0.08203125 0.0171875
1 0.62265625 0.803125 0.0671875 0.02890625
1 0.3390625 0.80078125 0.0765625 0.02421875
0 0.37265625 0.571875 0.0484375 0.053125