2 0.3609375 0.15625 0.259375 0.28828125
2 0.3609375 0.41796875 0.26953125 0.2453125
2 0.2671875 0.5765625 0.0578125 0.08671875
2 0.3234375 0.58203125 0.06953125 0.08671875
2 0.3609375 0.66328125 0.25 0.2546875
2 0.5828125 0.4171875 0.15625 0.23828125
2 0.71015625 0.41796875 0.13671875 0.22578125
2 0.646875 0.66796875 0.28359375 0.28359375
0 0.7015625 0.771875 0.04296875 0.053125
0 0.4203125 0.8265625 0.053125 0.071875
0 0.3890625 0.32578125 0.0484375 0.05546875
1 0.31015625 0.30390625 0.09140625 0.0171875
1 0.43515625 0.30546875 0.053125 0.0140625
1 0.5921875 0.30078125 0.09375 0.03359375
1 0.70078125 0.303125 0.0796875 0.02421875
1 0.6234375 0.79921875 0.06953125 0.021875
1 0.3375 0.7953125 0.07421875 0.01953125
0 0.37265625 0.5671875 0.03828125 0.0484375