2 0.359375 0.16328125 0.30546875 0.321875
2 0.3609375 0.42578125 0.27890625 0.259375
2 0.2671875 0.5828125 0.053125 0.084375
2 0.3234375 0.58671875 0.06015625 0.0765625
2 0.3609375 0.66953125 0.28359375 0.290625
2 0.58203125 0.4234375 0.15859375 0.2359375
2 0.7078125 0.42578125 0.11328125 0.21640625
2 0.64453125 0.671875 0.259375 0.26171875
0 0.69921875 0.7765625 0.03828125 0.053125
0 0.41796875 0.83203125 0.0484375 0.0671875
0 0.38828125 0.3328125 0.0453125 0.05546875
1 0.30859375 0.31015625 0.0890625 0.02421875
1 0.4328125 0.3125 0.053125 0.009375
1 0.59140625 0.3078125 0.09140625 0.03359375
1 0.69921875 0.31015625 0.08203125 0.01953125
1 0.62109375 0.80390625 0.06953125 0.0265625
1 0.3375 0.80078125 0.07421875 0.01953125
0 0.37109375 0.57421875 0.0453125 0.0484375