2 0.5046875 0.0578125 0.33203125 0.115625
2 0.50625 0.3125 0.3578125 0.46171875
2 0.478125 0.584375 0.14921875 0.3171875
2 0.4796875 0.790625 0.084375 0.071875
2 0.38671875 0.74765625 0.08203125 0.16328125
2 0.38671875 0.5984375 0.09140625 0.1203125
2 0.59609375 0.68125 0.196875 0.30546875
2 0.5625 0.48046875 0.0765625 0.10078125
2 0.63203125 0.4796875 0.08203125 0.103125
0 0.453125 0.46875 0.06484375 0.071875
0 0.50703125 0.4953125 0.053125 0.0625
0 0.49375 0.39765625 0.06015625 0.0796875
0 0.49609375 0.06015625 0.05078125 0.071875
0 0.6453125 0.55546875 0.05078125 0.0671875
0 0.5453125 0.6203125 0.071875 0.071875
0 0.46875 0.775 0.0625 0.0796875
0 0.46875 0.8640625 0.0578125 0.0796875
0 0.40625 0.67890625 0.04296875 0.05078125
0 0.41328125 0.709375 0.053125 0.053125
1 0.3796875 0.8328125 0.0484375 0.0171875
1 0.5890625 0.834375 0.10078125 0.02421875
1 0.41796875 0.09140625 0.08203125 0.03359375
1 0.55625 0.09140625 0.06484375 0.0140625
1 0.62890625 0.08984375 0.06484375 0.0171875