2 0.49296875 0.05859375 0.3296875 0.1171875
2 0.49609375 0.3109375 0.31953125 0.43515625
2 0.4671875 0.58203125 0.1078125 0.321875
2 0.46875 0.7859375 0.09140625 0.08203125
2 0.37734375 0.7453125 0.09609375 0.16796875
2 0.37734375 0.59609375 0.09140625 0.1203125
2 0.58671875 0.67890625 0.1390625 0.290625
2 0.553125 0.478125 0.0671875 0.09140625
2 0.62109375 0.47734375 0.07421875 0.09375
0 0.44375 0.4671875 0.05546875 0.06484375
0 0.49765625 0.49296875 0.053125 0.0625
0 0.4828125 0.3953125 0.053125 0.07421875
0 0.4859375 0.06015625 0.0484375 0.071875
0 0.634375 0.553125 0.04296875 0.0671875
0 0.5359375 0.61640625 0.0671875 0.06953125
0 0.459375 0.771875 0.0625 0.0765625
0 0.459375 0.8609375 0.0625 0.0765625
0 0.396875 0.67578125 0.03828125 0.0484375
0 0.40390625 0.70703125 0.0484375 0.0484375
1 0.37109375 0.8296875 0.0453125 0.01953125
1 0.5796875 0.8296875 0.10078125 0.02421875
1 0.4078125 0.08984375 0.0796875 0.021875
1 0.5453125 0.09140625 0.0625 0.0140625
1 0.61796875 0.09140625 0.0671875 0.02421875