2 0.52265625 0.0484375 0.334375 0.09609375
2 0.525 0.2953125 0.396875 0.490625
2 0.49609375 0.571875 0.1515625 0.3265625
2 0.49765625 0.7828125 0.09609375 0.0890625
2 0.40234375 0.7390625 0.0984375 0.1703125
2 0.40390625 0.58671875 0.09609375 0.125
2 0.61796875 0.6734375 0.15390625 0.303125
2 0.5828125 0.46640625 0.0796875 0.10078125
2 0.65390625 0.46484375 0.0765625 0.0984375
0 0.47109375 0.4546875 0.0671875 0.071875
0 0.5265625 0.48046875 0.053125 0.0625
0 0.51171875 0.38125 0.0578125 0.0796875
0 0.51328125 0.0359375 0.05078125 0.071875
0 0.6671875 0.5421875 0.05078125 0.06953125
0 0.56640625 0.6078125 0.06484375 0.0671875
0 0.48828125 0.7671875 0.0625 0.0765625
0 0.48671875 0.8578125 0.05546875 0.0765625
0 0.4234375 0.66796875 0.03828125 0.0484375
0 0.43046875 0.70078125 0.0484375 0.05078125
1 0.396875 0.8265625 0.04296875 0.009375
1 0.609375 0.8265625 0.103125 0.02890625
1 0.43515625 0.0671875 0.08203125 0.02421875
1 0.5765625 0.06875 0.0671875 0.0171875
1 0.65 0.0671875 0.06953125 0.0140625