2 0.69921875 0.11796875 0.20703125 0.1828125
2 0.475 0.5734375 0.7046875 0.49765625
2 0.19453125 0.63359375 0.14921875 0.0984375
2 0.2515625 0.80078125 0.2765625 0.21171875
2 0.6578125 0.81484375 0.25234375 0.1828125
2 0.709375 0.67890625 0.16328125 0.084375
2 0.571875 0.67578125 0.08203125 0.0765625
2 0.6609375 0.5890625 0.259375 0.0765625
2 0.640625 0.32421875 0.32421875 0.10546875
0 0.55625 0.1265625 0.103125 0.0453125
0 0.5140625 0.35703125 0.15859375 0.06953125
0 0.5 0.60703125 0.10546875 0.0453125
0 0.6625 0.61796875 0.06953125 0.0484375
0 0.49375 0.67890625 0.0890625 0.040625
0 0.5421875 0.77734375 0.103125 0.040625
0 0.36796875 0.75859375 0.10546875 0.05546875
0 0.1875 0.7046875 0.0671875 0.04296875
0 0.453125 0.85 0.084375 0.05546875
0 0.453125 0.93125 0.084375 0.05546875
1 0.3296875 0.32578125 0.2359375 0.01171875
1 0.25625 0.9078125 0.13203125 0.01171875
1 0.62734375 0.9125 0.134375 0.0171875
1 0.61796875 0.38203125 0.1296875 0.01953125