2 0.2609375 0.0875 0.4203125 0.165625
2 0.728125 0.09140625 0.4234375 0.14453125
2 0.84609375 0.31640625 0.2359375 0.3390625
2 0.6296875 0.31484375 0.2359375 0.321875
2 0.66796875 0.54921875 0.303125 0.18984375
2 0.87890625 0.54921875 0.12265625 0.1515625
2 0.84140625 0.7609375 0.20703125 0.2765625
2 0.578125 0.6828125 0.13203125 0.134375
2 0.63203125 0.759375 0.2453125 0.28828125
2 0.3703125 0.75703125 0.20703125 0.27421875
2 0.2640625 0.47265625 0.4421875 0.6421875
2 0.2171875 0.8453125 0.0796875 0.103125
2 0.1109375 0.84765625 0.1203125 0.103125
1 0.134375 0.1546875 0.10546875 0.0265625
1 0.3609375 0.1515625 0.134375 0.03828125
1 0.61796875 0.15234375 0.115625 0.0171875
1 0.8328125 0.15234375 0.13203125 0.0171875
0 0.70703125 0.1765625 0.071875 0.06953125
0 0.2359375 0.178125 0.0625 0.071875
0 0.7125 0.459375 0.0453125 0.053125
0 0.77890625 0.46171875 0.0578125 0.0625
0 0.7828125 0.6421875 0.05546875 0.0671875
0 0.6875 0.63671875 0.053125 0.0578125
0 0.8078125 0.5578125 0.0625 0.053125
0 0.1421875 0.77265625 0.0578125 0.06484375
0 0.21640625 0.8109375 0.0671875 0.06484375
0 0.2203125 0.921875 0.06015625 0.06953125
0 0.60546875 0.7671875 0.053125 0.0578125
1 0.67578125 0.89921875 0.0625 0.02421875
1 0.8171875 0.9 0.1296875 0.0265625
1 0.3546875 0.90390625 0.11796875 0.03359375