2 0.240625 0.06953125 0.428125 0.134375
2 0.7203125 0.07421875 0.4375 0.1484375
2 0.84140625 0.303125 0.196875 0.33203125
2 0.6203125 0.3015625 0.259375 0.34375
2 0.6578125 0.5421875 0.31015625 0.17578125
2 0.875 0.54296875 0.134375 0.15859375
2 0.8375 0.75859375 0.2046875 0.28125
2 0.5671875 0.67890625 0.134375 0.13203125
2 0.62265625 0.75859375 0.240625 0.2859375
2 0.353125 0.75625 0.2546875 0.31015625
2 0.2546875 0.4625 0.509375 0.69453125
2 0.19609375 0.8453125 0.084375 0.1078125
2 0.08671875 0.8484375 0.125 0.1109375
1 0.1109375 0.13828125 0.1109375 0.0359375
1 0.34375 0.134375 0.1390625 0.02890625
1 0.60703125 0.1359375 0.11796875 0.03125
1 0.828125 0.1359375 0.13671875 0.03125
0 0.69921875 0.16015625 0.0765625 0.07421875
0 0.21484375 0.1625 0.05546875 0.06953125
0 0.7046875 0.44921875 0.0484375 0.053125
0 0.77265625 0.4515625 0.06015625 0.0625
0 0.7765625 0.63671875 0.053125 0.0671875
0 0.678125 0.63203125 0.053125 0.0578125
0 0.803125 0.5515625 0.0671875 0.05546875
0 0.11875 0.771875 0.06953125 0.071875
0 0.19609375 0.8109375 0.06953125 0.06953125
0 0.1984375 0.92421875 0.06953125 0.0796875
0 0.5953125 0.765625 0.06015625 0.06015625
1 0.6671875 0.9015625 0.06484375 0.02421875
1 0.8125 0.90390625 0.134375 0.01953125
1 0.33671875 0.90625 0.1203125 0.02890625