2 0.2703125 0.0625 0.42578125 0.115625
2 0.75 0.08046875 0.4375 0.1609375
2 0.8703125 0.296875 0.1921875 0.3296875
2 0.64921875 0.2953125 0.23046875 0.3265625
2 0.6875 0.53515625 0.303125 0.1515625
2 0.9046875 0.5359375 0.13203125 0.15859375
2 0.86796875 0.75234375 0.22578125 0.29296875
2 0.59765625 0.6734375 0.11796875 0.115625
2 0.6515625 0.75234375 0.2453125 0.28828125
2 0.38203125 0.75 0.22578125 0.29296875
2 0.27421875 0.45703125 0.509375 0.6828125
2 0.22578125 0.8390625 0.09140625 0.1109375
2 0.11640625 0.84140625 0.12734375 0.1109375
1 0.1390625 0.13125 0.1109375 0.0359375
1 0.375 0.12890625 0.1390625 0.0265625
1 0.6359375 0.1296875 0.11796875 0.02890625
1 0.8578125 0.1296875 0.1390625 0.02890625
0 0.728125 0.15390625 0.0765625 0.0765625
0 0.24375 0.1546875 0.06953125 0.0796875
0 0.734375 0.44375 0.05078125 0.05546875
0 0.803125 0.44609375 0.053125 0.05546875
0 0.80625 0.63203125 0.05546875 0.0671875
0 0.70703125 0.62734375 0.053125 0.0578125
0 0.83203125 0.54453125 0.0625 0.05546875
0 0.14765625 0.765625 0.06953125 0.07421875
0 0.225 0.80390625 0.06484375 0.06484375
0 0.228125 0.91796875 0.0671875 0.0765625
0 0.625 0.75859375 0.0578125 0.06015625
1 0.69609375 0.8953125 0.06484375 0.0171875
1 0.84375 0.896875 0.1296875 0.03359375
1 0.36640625 0.89765625 0.11796875 0.040625