2 0.475 0.50234375 0.68984375 0.865625
2 0.3390625 0.75703125 0.34140625 0.27890625
2 0.271875 0.57109375 0.22109375 0.1078125
2 0.453125 0.57109375 0.12734375 0.09375
2 0.803125 0.7390625 0.2640625 0.334375
2 0.85078125 0.546875 0.1296875 0.0890625
2 0.84765625 0.3796875 0.13671875 0.240625
2 0.8453125 0.17421875 0.12265625 0.1609375
1 0.625 0.0875 0.115625 0.0359375
1 0.2953125 0.0875 0.1203125 0.05078125
1 0.4375 0.90390625 0.1390625 0.04296875
1 0.76796875 0.9046875 0.11796875 0.0453125
0 0.453125 0.084375 0.11796875 0.16796875
0 0.55078125 0.5890625 0.0765625 0.0578125
0 0.2796875 0.6421875 0.06953125 0.0578125
0 0.4828125 0.72109375 0.10078125 0.08203125
0 0.740625 0.5515625 0.08671875 0.0890625
0 0.75703125 0.46875 0.071875 0.0578125
0 0.865625 0.609375 0.0625 0.06953125
0 0.56953125 0.8109375 0.0765625 0.06484375
0 0.58203125 0.9421875 0.08671875 0.071875