2 0.47734375 0.5046875 0.68515625 0.84609375
2 0.3453125 0.7515625 0.37265625 0.32421875
2 0.2796875 0.571875 0.2140625 0.1203125
2 0.45546875 0.57109375 0.12265625 0.0890625
2 0.7953125 0.734375 0.21640625 0.30546875
2 0.8421875 0.5484375 0.12265625 0.09140625
2 0.8375 0.384375 0.11328125 0.22109375
2 0.83515625 0.1859375 0.11796875 0.15625
1 0.62109375 0.103125 0.11328125 0.04296875
1 0.303125 0.103125 0.115625 0.04296875
1 0.44140625 0.89296875 0.13671875 0.03125
1 0.7609375 0.8953125 0.11796875 0.040625
0 0.45546875 0.1 0.09375 0.1515625
0 0.55078125 0.5890625 0.0765625 0.0625
0 0.2875 0.640625 0.06953125 0.05546875
0 0.484375 0.7171875 0.09375 0.0796875
0 0.734375 0.553125 0.084375 0.08203125
0 0.75 0.47265625 0.0671875 0.05078125
0 0.8546875 0.6078125 0.06015625 0.0671875
0 0.5671875 0.80390625 0.0765625 0.06953125
0 0.58046875 0.93125 0.084375 0.06953125