2 0.5 0.29296875 1 0.5859375
2 0.46875 0.48671875 0.21171875 0.209375
2 0.125 0.4265625 0.15859375 0.1609375
0 0.0890625 0.3796875 0.0578125 0.0765625
0 0.0171875 0.3796875 0.03359375 0.0578125
0 0.0296875 0.41484375 0.059375 0.0796875
0 0.4734375 0.35703125 0.1203125 0.0984375
0 0.9234375 0.478125 0.0578125 0.08203125
0 0.9109375 0.8421875 0.071875 0.0796875
0 0.9625 0.97734375 0.05546875 0.0453125
1 0.38828125 0.3796875 0.03125 0.02421875
1 0.553125 0.37734375 0.02421875 0.01953125
1 0.5765625 0.42421875 0.0140625 0.06015625
1 0.35546875 0.42890625 0.03828125 0.06484375
1 0.8484375 0.50390625 0.0484375 0.0265625
1 0.884375 0.4984375 0.03828125 0.03125
1 0.9703125 0.42890625 0.040625 0.0359375
1 0.85703125 0.86328125 0.06953125 0.02421875