2 0.5 0.29921875 1 0.5984375
2 0.47265625 0.475 0.2140625 0.2140625
2 0.13125 0.41484375 0.15625 0.15625
0 0.09375 0.36796875 0.0671875 0.08203125
0 0.01953125 0.36640625 0.03828125 0.06015625
0 0.0359375 0.40390625 0.0625 0.0765625
0 0.47734375 0.3453125 0.11328125 0.084375
0 0.92421875 0.46484375 0.05546875 0.0796875
0 0.9125 0.8296875 0.06953125 0.0765625
0 0.96640625 0.97109375 0.053125 0.0578125
1 0.3921875 0.36796875 0.03359375 0.02890625
1 0.55546875 0.365625 0.02421875 0.02421875
1 0.5796875 0.41328125 0.01953125 0.0578125
1 0.3609375 0.4171875 0.02890625 0.06015625
1 0.85078125 0.49140625 0.0484375 0.0265625
1 0.8859375 0.48671875 0.0359375 0.0265625
1 0.97109375 0.41796875 0.04296875 0.03828125
1 0.8578125 0.8484375 0.071875 0.02890625