2 0.2515625 0.20078125 0.4734375 0.38671875
0 0.26953125 0.2859375 0.053125 0.0625
0 0.35234375 0.34140625 0.0890625 0.08203125
0 0.334375 0.4046875 0.0625 0.06484375
2 0.35546875 0.42421875 0.259375 0.11796875
1 0.25859375 0.37890625 0.0265625 0.01171875
1 0.39453125 0.3796875 0.02890625 0.0140625
1 0.484375 0.15234375 0.0359375 0.09375
1 0.48203125 0.26796875 0.0171875 0.040625
1 0.02734375 0.20703125 0.040625 0.1828125
1 0.5671875 0.38125 0.0484375 0.0265625
1 0.7203125 0.38125 0.11796875 0.040625
1 0.98046875 0.12890625 0.0140625 0.0453125
1 0.7859375 0.5921875 0.02421875 0.05546875
1 0.30546875 0.7015625 0.01953125 0.03359375
1 0.30390625 0.8125 0.0265625 0.053125
1 0.5140625 0.86875 0.071875 0.021875
2 0.665625 0.2046875 0.33203125 0.384375
2 0.890625 0.303125 0.1609375 0.14921875
2 0.86328125 0.12734375 0.1109375 0.1875
2 0.94921875 0.13203125 0.0625 0.1921875
0 0.82421875 0.08203125 0.0671875 0.0625
0 0.91796875 0.0984375 0.10546875 0.0671875
0 0.8234375 0.28984375 0.05546875 0.05078125
0 0.84140625 0.38125 0.071875 0.11796875
0 0.678125 0.56484375 0.0625 0.053125
0 0.64453125 0.615625 0.0765625 0.0765625
0 0.52265625 0.6046875 0.06484375 0.06484375
2 0.7859375 0.428125 0.1734375 0.09140625
2 0.428125 0.5734375 0.25 0.15625
2 0.58515625 0.57421875 0.084375 0.1296875
2 0.3921875 0.6984375 0.15859375 0.11328125
2 0.375 0.8078125 0.125 0.10546875
2 0.525 0.75703125 0.2046875 0.22578125
2 0.6578125 0.696875 0.06953125 0.3265625
2 0.7390625 0.60078125 0.084375 0.1390625
2 0.7390625 0.7078125 0.09375 0.06484375
2 0.73203125 0.80390625 0.1078125 0.11796875
2 0.6109375 0.92578125 0.1875 0.125
0 0.49375 0.70703125 0.06015625 0.0625
0 0.6671875 0.71015625 0.06953125 0.06953125
0 0.6421875 0.80859375 0.08203125 0.06953125
0 0.6609375 0.896875 0.0765625 0.09609375