2 0.2328125 0.178125 0.46171875 0.35546875
0 0.25390625 0.26171875 0.05078125 0.0671875
0 0.3375 0.31875 0.0890625 0.0796875
0 0.31953125 0.384375 0.0625 0.0625
2 0.34140625 0.4046875 0.26953125 0.12734375
1 0.24296875 0.35703125 0.02421875 0.01171875
1 0.38203125 0.3578125 0.02890625 0.009375
1 0.475 0.1234375 0.03125 0.0984375
1 0.47265625 0.24375 0.01171875 0.040625
1 0.0140625 0.178125 0.028125 0.1875
1 0.56015625 0.359375 0.0484375 0.021875
1 0.71875 0.359375 0.125 0.040625
1 0.98671875 0.0984375 0.01171875 0.0484375
1 0.7859375 0.5796875 0.0140625 0.0578125
1 0.290625 0.69140625 0.0140625 0.0359375
1 0.28828125 0.803125 0.02421875 0.053125
1 0.50625 0.86328125 0.07421875 0.02421875
2 0.66015625 0.178125 0.290625 0.35546875
2 0.89453125 0.27890625 0.1828125 0.1734375
2 0.865625 0.09765625 0.1109375 0.19453125
2 0.9546875 0.103125 0.08671875 0.2015625
0 0.82578125 0.05078125 0.06953125 0.0625
0 0.921875 0.0671875 0.11328125 0.08203125
0 0.82421875 0.265625 0.0625 0.06015625
0 0.8421875 0.3609375 0.06015625 0.1203125
0 0.67421875 0.54921875 0.06953125 0.06015625
0 0.6390625 0.6 0.0765625 0.07421875
0 0.5140625 0.58984375 0.0671875 0.06484375
2 0.7859375 0.4078125 0.178125 0.0984375
2 0.4171875 0.5578125 0.24765625 0.125
2 0.5796875 0.56015625 0.0765625 0.1296875
2 0.37890625 0.6859375 0.1703125 0.12265625
2 0.3609375 0.80078125 0.125 0.1109375
2 0.5171875 0.74765625 0.20703125 0.23046875
2 0.65390625 0.68515625 0.071875 0.33671875
2 0.73828125 0.58671875 0.08203125 0.1390625
2 0.73828125 0.696875 0.09609375 0.0625
2 0.7296875 0.7953125 0.11328125 0.125
2 0.60546875 0.9203125 0.1921875 0.1203125
0 0.484375 0.69453125 0.06484375 0.0671875
0 0.66328125 0.69921875 0.071875 0.071875
0 0.63671875 0.8015625 0.08203125 0.06953125
0 0.65625 0.8921875 0.0625 0.09140625