2 0.19921875 0.1703125 0.125 0.14453125
2 0.22265625 0.43984375 0.18046875 0.35078125
2 0.38359375 0.37890625 0.1515625 0.23828125
2 0.390625 0.6515625 0.13671875 0.27421875
2 0.271875 0.6890625 0.08203125 0.209375
2 0.17890625 0.703125 0.084375 0.165625
2 0.55859375 0.17421875 0.11328125 0.13671875
2 0.66015625 0.525 0.31953125 0.5265625
2 0.54921875 0.73203125 0.0984375 0.11796875
2 0.58671875 0.8734375 0.1734375 0.146875
2 0.75390625 0.875 0.13203125 0.14921875
1 0.171875 0.25234375 0.06015625 0.0140625
1 0.390625 0.2515625 0.084375 0.021875
1 0.69140625 0.25625 0.11328125 0.00703125
1 0.75390625 0.796875 0.0265625 0.01171875
0 0.23203125 0.23046875 0.05546875 0.0765625
0 0.24296875 0.6609375 0.0484375 0.04296875
0 0.34609375 0.48046875 0.053125 0.0765625
0 0.3375 0.6546875 0.05546875 0.06015625
0 0.61875 0.7203125 0.06015625 0.05546875
0 0.7078125 0.8171875 0.0453125 0.0671875
0 0.69375 0.91328125 0.05546875 0.0625
0 0.6 0.22109375 0.05546875 0.071875
0 0.296875 0.540625 0.06015625 0.0625