1 0.06640625 0.16953125 0.040625 0.0171875
1 0.109375 0.1703125 0.040625 0.009375
1 0.15625 0.16796875 0.04296875 0.01953125
1 0.2046875 0.16796875 0.0484375 0.009375
1 0.24765625 0.1703125 0.03828125 0.0140625
1 0.0296875 0.26328125 0.021875 0.13671875
1 0.0296875 0.5015625 0.0359375 0.18515625
1 0.06484375 0.77265625 0.04296875 0.18515625
1 0.04296875 0.63671875 0.02421875 0.01953125
1 0.2796875 0.790625 0.01171875 0.04296875
1 0.4625 0.42578125 0.00703125 0.02890625
1 0.61328125 0.18046875 0.02890625 0.0140625
1 0.64921875 0.178125 0.03359375 0.02421875
1 0.6765625 0.178125 0.03125 0.01953125
1 0.7078125 0.1765625 0.0265625 0.021875
1 0.828125 0.30078125 0.05078125 0.01953125
1 0.91484375 0.303125 0.0453125 0.01953125
1 0.90625 0.72734375 0.03828125 0.0171875
1 0.82109375 0.72734375 0.05078125 0.021875
1 0.78359375 0.76171875 0.009375 0.03359375
1 0.76171875 0.9078125 0.03359375 0.0171875
1 0.5484375 0.76953125 0.01953125 0.1734375
2 0.25703125 0.53828125 0.5140625 0.7984375
2 0.32421875 0.6875 0.09609375 0.1203125
2 0.259375 0.86796875 0.0578125 0.10078125
2 0.21171875 0.86328125 0.0625 0.08671875
2 0.66484375 0.31015625 0.26171875 0.27890625
2 0.33984375 0.0890625 0.24765625 0.16328125
2 0.5203125 0.45078125 0.05078125 0.32421875
2 0.615625 0.54921875 0.14921875 0.2140625
2 0.61875 0.7765625 0.18046875 0.2546875
2 0.734375 0.84765625 0.11328125 0.12265625
2 0.80390625 0.5453125 0.3296875 0.53359375
2 0.953125 0.50390625 0.05078125 0.0796875
2 0.9265625 0.640625 0.103125 0.1703125
2 0.9265625 0.37734375 0.11328125 0.16796875
0 0.5453125 0.4 0.09140625 0.0890625
0 0.5453125 0.5140625 0.08671875 0.09140625
0 0.70546875 0.4203125 0.0359375 0.071875
0 0.7984375 0.36328125 0.03828125 0.0671875
0 0.70078125 0.55625 0.0453125 0.06484375
0 0.69609375 0.75703125 0.0453125 0.0671875
0 0.74140625 0.76796875 0.040625 0.06953125
0 0.89921875 0.56953125 0.04296875 0.071875
0 0.9171875 0.5 0.0453125 0.071875
0 0.89921875 0.43359375 0.03359375 0.06015625
0 0.32578125 0.60703125 0.040625 0.06484375
0 0.3234375 0.75234375 0.040625 0.1109375
0 0.2609375 0.66484375 0.03125 0.05078125
0 0.271875 0.71015625 0.0484375 0.05546875
0 0.2640625 0.303125 0.053125 0.053125
0 0.178125 0.79296875 0.02890625 0.0484375
0 0.22109375 0.81015625 0.03359375 0.053125
0 0.2515625 0.8078125 0.021875 0.0484375