2 0.26796875 0.13671875 0.2046875 0.23046875
2 0.21875 0.30078125 0.115625 0.0765625
2 0.32578125 0.29921875 0.0984375 0.0890625
2 0.26796875 0.4515625 0.228125 0.2453125
2 0.43046875 0.5375 0.10546875 0.06953125
2 0.428125 0.62265625 0.1203125 0.10078125
2 0.5609375 0.50703125 0.1421875 0.1296875
2 0.68515625 0.509375 0.09140625 0.115625
2 0.78125 0.509375 0.08671875 0.125
2 0.59375 0.2609375 0.48046875 0.521875
2 0.43125 0.0796875 0.12265625 0.1296875
1 0.15859375 0.18984375 0.01953125 0.1109375
1 0.1609375 0.41796875 0.04296875 0.10546875
1 0.8234375 0.16484375 0.06015625 0.228125
1 0.821875 0.37734375 0.01953125 0.1109375
1 0.56015625 0.57421875 0.071875 0.02421875
0 0.7671875 0.4265625 0.0671875 0.07421875
0 0.890625 0.85546875 0.1078125 0.16328125
0 0.5375 0.7234375 0.1078125 0.09609375
0 0.31875 0.74609375 0.06015625 0.05546875
0 0.4265625 0.6 0.06953125 0.07421875
0 0.42421875 0.5265625 0.0796875 0.08203125
0 0.46640625 0.4734375 0.071875 0.0625
0 0.61328125 0.478125 0.0625 0.0484375
0 0.35703125 0.11640625 0.06484375 0.0453125
0 0.35078125 0.2296875 0.08203125 0.06953125
0 0.396875 0.28515625 0.0625 0.05078125
0 0.359375 0.4046875 0.06953125 0.06953125
0 0.2234375 0.3546875 0.0578125 0.05546875
2 0.38125 0.86796875 0.2140625 0.2015625
2 0.671875 0.8640625 0.37265625 0.24296875