2 0.2328125 0.1421875 0.23046875 0.2546875
2 0.1828125 0.30859375 0.1203125 0.084375
2 0.2921875 0.3078125 0.09375 0.0765625
2 0.2328125 0.46484375 0.2546875 0.271875
2 0.39921875 0.553125 0.1109375 0.0765625
2 0.396875 0.640625 0.125 0.1078125
2 0.53359375 0.521875 0.14921875 0.1296875
2 0.6609375 0.52421875 0.10546875 0.125
2 0.759375 0.52421875 0.0765625 0.125
2 0.56875 0.26796875 0.4640625 0.51171875
2 0.4 0.08203125 0.12265625 0.134375
1 0.1203125 0.19453125 0.03828125 0.115625
1 0.12265625 0.42890625 0.02890625 0.1078125
1 0.80390625 0.16953125 0.0265625 0.23828125
1 0.8015625 0.38828125 0.0171875 0.11328125
1 0.53359375 0.59140625 0.0765625 0.02890625
0 0.7453125 0.4390625 0.071875 0.0796875
0 0.87265625 0.8796875 0.1203125 0.16796875
0 0.50859375 0.74375 0.11796875 0.11328125
0 0.28515625 0.7671875 0.06484375 0.0625
0 0.396875 0.61640625 0.071875 0.07421875
0 0.39453125 0.540625 0.08203125 0.0765625
0 0.4359375 0.48671875 0.06953125 0.06015625
0 0.5890625 0.49296875 0.0625 0.0484375
0 0.3234375 0.1203125 0.06953125 0.0578125
0 0.31875 0.23671875 0.0796875 0.07421875
0 0.3640625 0.29296875 0.06953125 0.0578125
0 0.3265625 0.415625 0.0765625 0.071875
0 0.1859375 0.3640625 0.06015625 0.05546875
2 0.34765625 0.8890625 0.228125 0.22109375
2 0.646875 0.8796875 0.384375 0.240625