2 0.26171875 0.14921875 0.2453125 0.2640625
2 0.2125 0.31015625 0.11796875 0.08203125
2 0.31875 0.31015625 0.0984375 0.09140625
2 0.26171875 0.46171875 0.240625 0.2546875
2 0.4234375 0.546875 0.10546875 0.06484375
2 0.4203125 0.63125 0.1203125 0.1078125
2 0.55390625 0.5171875 0.1515625 0.134375
2 0.6765625 0.51953125 0.0984375 0.1203125
2 0.77265625 0.51796875 0.0890625 0.12734375
2 0.58671875 0.271875 0.446875 0.4953125
2 0.42421875 0.09140625 0.11796875 0.1296875
1 0.15234375 0.20078125 0.0453125 0.11328125
1 0.1546875 0.428125 0.0359375 0.10546875
1 0.81484375 0.17578125 0.0578125 0.22578125
1 0.8125 0.38671875 0.01953125 0.1109375
1 0.553125 0.584375 0.071875 0.02890625
0 0.75703125 0.4359375 0.071875 0.0796875
0 0.88203125 0.86328125 0.10546875 0.15859375
0 0.5296875 0.73203125 0.12265625 0.11796875
0 0.3125 0.7546875 0.0671875 0.0671875
0 0.4203125 0.609375 0.071875 0.07421875
0 0.41796875 0.5359375 0.08203125 0.0765625
0 0.459375 0.4828125 0.0671875 0.0578125
0 0.60546875 0.48671875 0.0625 0.0453125
0 0.35 0.12890625 0.06953125 0.05546875
0 0.3453125 0.240625 0.0796875 0.071875
0 0.3890625 0.2953125 0.0671875 0.0578125
0 0.353125 0.41484375 0.071875 0.06953125
0 0.2171875 0.3640625 0.05546875 0.05078125
2 0.3734375 0.8734375 0.2234375 0.2140625
2 0.66328125 0.87109375 0.365625 0.21875