2 0.90625 0.4359375 0.10546875 0.17578125
2 0.75625 0.4359375 0.18984375 0.19453125
2 0.82109375 0.21015625 0.30078125 0.271875
2 0.4859375 0.51171875 0.4234375 0.8796875
2 0.41796875 0.63203125 0.2453125 0.2359375
2 0.415625 0.84140625 0.240625 0.22109375
2 0.16015625 0.63359375 0.2859375 0.603125
0 0.29296875 0.46640625 0.0625 0.09140625
0 0.2984375 0.82109375 0.071875 0.0984375
0 0.36171875 0.75234375 0.06953125 0.03828125
0 0.1515625 0.96171875 0.0765625 0.0578125
0 0.77890625 0.546875 0.10078125 0.0796875
0 0.84140625 0.4578125 0.0578125 0.07421875
1 0.0203125 0.4484375 0.040625 0.103125
1 0.0203125 0.603125 0.040625 0.178125
1 0.17890625 0.32421875 0.1703125 0.02890625
1 0.30078125 0.6109375 0.02890625 0.0671875
1 0.0171875 0.821875 0.03359375 0.178125
1 0.2296875 0.9515625 0.05078125 0.02421875
1 0.4015625 0.95078125 0.10078125 0.040625
1 0.5765625 0.94921875 0.09609375 0.0484375
1 0.3015625 0.2046875 0.0359375 0.09140625
1 0.4890625 0.0734375 0.103125 0.040625
1 0.81640625 0.07421875 0.09375 0.04296875
0 0.66015625 0.27421875 0.06953125 0.10546875