2 0.22578125 0.1609375 0.1203125 0.1875
2 0.303125 0.14453125 0.0765625 0.15859375
2 0.41015625 0.15234375 0.1421875 0.165625
2 0.3265625 0.8296875 0.1390625 0.1921875
2 0.1078125 0.75234375 0.1390625 0.3265625
2 0.178125 0.40390625 0.26953125 0.365625
2 0.18984375 0.4515625 0.0765625 0.10546875
2 0.25625 0.453125 0.0796875 0.1078125
2 0.2078125 0.61875 0.146875 0.228125
2 0.3234375 0.56953125 0.165625 0.3125
2 0.44140625 0.60703125 0.146875 0.25703125
2 0.4390625 0.359375 0.1609375 0.25234375
2 0.696875 0.61328125 0.15390625 0.23046875
2 0.7953125 0.803125 0.1390625 0.15390625
2 0.8703125 0.5828125 0.22578125 0.290625
2 0.725 0.4515625 0.07421875 0.08671875
2 0.6609375 0.45078125 0.0625 0.084375
2 0.5796875 0.45078125 0.09140625 0.09375
2 0.703125 0.178125 0.0984375 0.2015625
2 0.77890625 0.140625 0.0625 0.146875
2 0.75 0.2515625 0.5 0.44453125
1 0.2484375 0.0671875 0.0359375 0.02421875
1 0.31015625 0.0640625 0.03359375 0.0265625
1 0.3765625 0.06484375 0.03125 0.02890625
1 0.48203125 0.31484375 0.03125 0.10546875
1 0.5046875 0.60546875 0.02890625 0.10078125
1 0.4265625 0.73828125 0.06015625 0.02890625
1 0.2953125 0.734375 0.0578125 0.0265625
1 0.228125 0.7359375 0.053125 0.02421875
1 0.6265625 0.6234375 0.0171875 0.06953125
1 0.69453125 0.73046875 0.0578125 0.02421875
1 0.90859375 0.7328125 0.0578125 0.01953125
1 0.9796875 0.5953125 0.0265625 0.1078125
1 0.9546875 0.30859375 0.009375 0.1078125
1 0.85078125 0.06484375 0.02421875 0.01953125
1 0.7859375 0.07109375 0.02421875 0.0265625
1 0.70703125 0.06953125 0.0578125 0.01953125
1 0.6515625 0.14921875 0.0140625 0.0484375
1 0.584375 0.228125 0.03359375 0.02421875
0 0.2671875 0.1765625 0.0484375 0.06484375
0 0.3328125 0.1609375 0.03125 0.053125
0 0.38203125 0.3375 0.0484375 0.06484375
0 0.3546875 0.2546875 0.0359375 0.0671875
0 0.2765625 0.33984375 0.053125 0.06953125
0 0.28515625 0.4953125 0.05078125 0.0671875
0 0.2515625 0.540625 0.0453125 0.071875
0 0.20546875 0.525 0.03125 0.05078125
0 0.134375 0.615625 0.03828125 0.0765625
0 0.06875 0.7953125 0.040625 0.0625
0 0.1671875 0.7796875 0.040625 0.06484375
0 0.359375 0.73671875 0.06015625 0.146875
0 0.39296875 0.5765625 0.05078125 0.071875
0 0.584375 0.4265625 0.0484375 0.07421875
0 0.7671875 0.24296875 0.03828125 0.0625
0 0.74140625 0.2703125 0.040625 0.0890625
0 0.728125 0.5171875 0.02890625 0.0625
0 0.7796875 0.56015625 0.040625 0.1109375
0 0.83203125 0.7328125 0.053125 0.1390625
1 0.78515625 0.734375 0.021875 0.0265625