2 0.23203125 0.1546875 0.11328125 0.18046875
2 0.3078125 0.1390625 0.08671875 0.15859375
2 0.4125 0.14765625 0.1609375 0.18046875
2 0.33203125 0.8078125 0.1203125 0.178125
2 0.11875 0.73203125 0.12734375 0.31953125
2 0.1859375 0.3921875 0.2328125 0.34140625
2 0.19609375 0.43984375 0.084375 0.10546875
2 0.2640625 0.43984375 0.0765625 0.10546875
2 0.21640625 0.603125 0.10078125 0.21171875
2 0.328125 0.55546875 0.15625 0.3078125
2 0.4421875 0.58984375 0.15390625 0.25234375
2 0.43984375 0.35 0.134375 0.2328125
2 0.6921875 0.5953125 0.16328125 0.2328125
2 0.7875 0.7796875 0.13203125 0.146875
2 0.8609375 0.56640625 0.21171875 0.2765625
2 0.71875 0.43984375 0.0671875 0.08671875
2 0.6578125 0.4375 0.06953125 0.08671875
2 0.5765625 0.4375 0.09140625 0.09140625
2 0.696875 0.1734375 0.125 0.20703125
2 0.771875 0.1359375 0.0578125 0.1421875
2 0.74765625 0.24375 0.48046875 0.415625
1 0.2546875 0.0640625 0.03359375 0.021875
1 0.31484375 0.06015625 0.03359375 0.02421875
1 0.37890625 0.0625 0.03125 0.02421875
1 0.48203125 0.30546875 0.01171875 0.1109375
1 0.5046875 0.5875 0.01953125 0.0984375
1 0.43046875 0.71640625 0.0578125 0.01953125
1 0.3015625 0.7140625 0.05546875 0.03359375
1 0.2359375 0.7140625 0.053125 0.02421875
1 0.62265625 0.60546875 0.0140625 0.0671875
1 0.68984375 0.71015625 0.0578125 0.021875
1 0.896875 0.71171875 0.0578125 0.01953125
1 0.9671875 0.5796875 0.0265625 0.10546875
1 0.9421875 0.29921875 0.02421875 0.103125
1 0.84140625 0.0625 0.01953125 0.01953125
1 0.77890625 0.0671875 0.02890625 0.02890625
1 0.70078125 0.06484375 0.05546875 0.02421875
1 0.64921875 0.14453125 0.009375 0.0484375
1 0.58203125 0.22109375 0.03828125 0.02421875
0 0.27265625 0.1703125 0.0453125 0.0671875
0 0.33671875 0.15390625 0.03359375 0.053125
0 0.384375 0.3265625 0.0484375 0.0625
0 0.359375 0.24609375 0.0359375 0.06484375
0 0.2828125 0.33046875 0.0453125 0.06484375
0 0.290625 0.48046875 0.053125 0.0671875
0 0.25703125 0.5265625 0.04296875 0.0671875
0 0.2125 0.5109375 0.03125 0.05078125
0 0.14453125 0.59765625 0.0484375 0.07421875
0 0.0796875 0.77421875 0.04296875 0.0671875
0 0.17578125 0.75859375 0.04296875 0.06484375
0 0.36328125 0.71640625 0.0484375 0.14453125
0 0.3953125 0.56015625 0.0453125 0.071875
0 0.58046875 0.41328125 0.0453125 0.071875
0 0.759375 0.2359375 0.03828125 0.0625
0 0.7359375 0.26328125 0.03828125 0.084375
0 0.72265625 0.50234375 0.0359375 0.0625
0 0.77265625 0.54453125 0.05078125 0.1078125
0 0.8234375 0.7125 0.06015625 0.13203125
1 0.7765625 0.7140625 0.02421875 0.02890625