2 0.575 0.08984375 0.334375 0.1796875
2 0.69140625 0.265625 0.103125 0.18984375
2 0.6921875 0.41015625 0.1109375 0.103125
2 0.6921875 0.5046875 0.10078125 0.09140625
2 0.45703125 0.4578125 0.4515625 0.6078125
2 0.6234375 0.6515625 0.228125 0.1828125
2 0.396875 0.484375 0.10078125 0.11796875
2 0.3125 0.48671875 0.0765625 0.1078125
2 0.3640625 0.64296875 0.18515625 0.2046875
2 0.478125 0.8234375 0.16796875 0.165625
1 0.3296875 0.1703125 0.0578125 0.0140625
1 0.3921875 0.1734375 0.053125 0.01953125
1 0.546875 0.1671875 0.06953125 0.0265625
1 0.6109375 0.7484375 0.0671875 0.03125
1 0.34765625 0.74609375 0.06015625 0.0171875
1 0.27734375 0.6453125 0.0265625 0.103125
0 0.67578125 0.1453125 0.0578125 0.0796875
0 0.44609375 0.146875 0.0453125 0.0671875
0 0.62109375 0.30078125 0.06484375 0.0765625
0 0.66796875 0.34140625 0.0484375 0.0671875
0 0.66953125 0.4359375 0.05546875 0.06953125
0 0.43046875 0.46640625 0.0578125 0.0625
0 0.3265625 0.525 0.0484375 0.06953125
0 0.43125 0.5828125 0.05546875 0.06953125
0 0.53359375 0.5984375 0.053125 0.053125
0 0.478125 0.77421875 0.0578125 0.0671875