2 0.571875 0.09765625 0.3265625 0.13671875
2 0.6859375 0.2765625 0.11796875 0.196875
2 0.6890625 0.421875 0.1078125 0.0984375
2 0.6859375 0.5171875 0.103125 0.09609375
2 0.45078125 0.4703125 0.4203125 0.5984375
2 0.61875 0.66484375 0.23828125 0.18984375
2 0.390625 0.49609375 0.103125 0.11796875
2 0.30546875 0.4984375 0.08671875 0.11328125
2 0.35703125 0.6546875 0.17578125 0.19921875
2 0.47265625 0.8375 0.1609375 0.15625
1 0.321875 0.18046875 0.0578125 0.0140625
1 0.3859375 0.1828125 0.05546875 0.01953125
1 0.540625 0.178125 0.071875 0.02890625
1 0.60546875 0.76171875 0.0671875 0.01953125
1 0.34140625 0.759375 0.0578125 0.0140625
1 0.271875 0.65859375 0.03359375 0.10546875
0 0.6703125 0.15625 0.0484375 0.071875
0 0.43984375 0.15625 0.053125 0.071875
0 0.61640625 0.3109375 0.06015625 0.06953125
0 0.66328125 0.35234375 0.0578125 0.07421875
0 0.66484375 0.4484375 0.06015625 0.07421875
0 0.42421875 0.478125 0.06015625 0.0671875
0 0.32109375 0.53828125 0.05078125 0.071875
0 0.42578125 0.5953125 0.0625 0.06953125
0 0.52890625 0.6109375 0.0578125 0.0578125
0 0.47109375 0.7875 0.0578125 0.06953125