2 0.16796875 0.4046875 0.27421875 0.5171875
2 0.3796875 0.26171875 0.1828125 0.2453125
2 0.4734375 0.6078125 0.1203125 0.15859375
2 0.571875 0.4046875 0.553125 0.5265625
2 0.91328125 0.4078125 0.15859375 0.5171875
0 0.3796875 0.41328125 0.0671875 0.09140625
0 0.27421875 0.47578125 0.08203125 0.09609375
0 0.47578125 0.5015625 0.0671875 0.09375
0 0.3484375 0.671875 0.09140625 0.165625
0 0.8734375 0.4234375 0.06953125 0.08203125
1 0.03828125 0.2984375 0.01953125 0.16796875
1 0.03984375 0.478125 0.021875 0.16328125
1 0.8484375 0.27890625 0.0140625 0.1921875
1 0.84765625 0.5484375 0.0359375 0.1390625