2 0.1625 0.396875 0.28125 0.52421875
2 0.375 0.2515625 0.1828125 0.24296875
2 0.47109375 0.60234375 0.10546875 0.1515625
2 0.56953125 0.3953125 0.553125 0.5265625
2 0.89921875 0.39765625 0.2015625 0.5171875
0 0.3765625 0.4046875 0.06484375 0.09375
0 0.26953125 0.46875 0.0765625 0.09609375
0 0.4734375 0.49296875 0.0625 0.09609375
0 0.3453125 0.665625 0.06953125 0.16796875
0 0.875 0.41484375 0.08203125 0.0890625
1 0.03125 0.2875 0.053125 0.165625
1 0.0328125 0.4703125 0.0171875 0.165625
1 0.85 0.26953125 0.021875 0.196875
1 0.8484375 0.540625 0.03828125 0.1390625