2 0.1671875 0.415625 0.334375 0.52421875
2 0.375 0.2765625 0.1828125 0.240625
2 0.46875 0.61796875 0.125 0.15859375
2 0.56484375 0.4171875 0.571875 0.5453125
2 0.9 0.41953125 0.19921875 0.50703125
0 0.3765625 0.42578125 0.06953125 0.09140625
0 0.271875 0.48828125 0.08203125 0.09609375
0 0.47109375 0.51171875 0.0625 0.09140625
0 0.3453125 0.68046875 0.0796875 0.16328125
0 0.86171875 0.43515625 0.0796875 0.09140625
1 0.040625 0.3109375 0.03359375 0.165625
1 0.040625 0.4890625 0.02421875 0.1609375
1 0.8375 0.29296875 0.0359375 0.1921875
1 0.83671875 0.5578125 0.0140625 0.1390625