2 0.53125 0.290625 0.41328125 0.5765625
2 0.5640625 0.05625 0.12734375 0.07421875
2 0.56484375 0.16796875 0.125 0.14921875
2 0.4109375 0.3375 0.09140625 0.0796875
2 0.41015625 0.4171875 0.09375 0.09375
2 0.39765625 0.50703125 0.07421875 0.09609375
2 0.39921875 0.59765625 0.0671875 0.084375
2 0.453125 0.6 0.06484375 0.0796875
2 0.50703125 0.60078125 0.0484375 0.0671875
2 0.58046875 0.57109375 0.11328125 0.146875
2 0.5625 0.428125 0.14921875 0.14921875
1 0.56015625 0.0921875 0.0625 0.0171875
1 0.65234375 0.2453125 0.01171875 0.009375
1 0.67421875 0.30859375 0.0171875 0.0890625
1 0.62890625 0.4515625 0.021875 0.09140625
1 0.58671875 0.6421875 0.0625 0.01953125
1 0.4109375 0.64296875 0.01953125 0.01171875
1 0.45703125 0.6421875 0.01953125 0.009375
2 0.44140625 0.7859375 0.2046875 0.29296875
2 0.3921875 0.79296875 0.08671875 0.0578125
2 0.3953125 0.70546875 0.0984375 0.12265625
0 0.51171875 0.06640625 0.03359375 0.05078125
0 0.51171875 0.2203125 0.03828125 0.0359375
0 0.4390625 0.353125 0.03125 0.03359375
0 0.4625 0.4359375 0.03125 0.040625
0 0.51171875 0.43359375 0.03828125 0.040625
0 0.4109375 0.4421875 0.03359375 0.03359375
0 0.4125 0.540625 0.03125 0.03359375
0 0.46484375 0.54921875 0.021875 0.03125
0 0.54921875 0.5203125 0.040625 0.0453125
0 0.509375 0.58203125 0.03359375 0.04296875
0 0.51328125 0.6625 0.0359375 0.040625
0 0.43046875 0.6921875 0.053125 0.0578125
0 0.396875 0.83515625 0.0625 0.0453125