2 0.7796875 0.15234375 0.30546875 0.19453125
2 0.3765625 0.4171875 0.2765625 0.3484375
2 0.58203125 0.51953125 0.7453125 0.6390625
2 0.16796875 0.66953125 0.1296875 0.24765625
2 0.16953125 0.46015625 0.1421875 0.15625
2 0.1671875 0.30625 0.13203125 0.1421875
1 0.3171875 0.24375 0.22109375 0.06953125
1 0.78359375 0.2453125 0.125 0.02421875
0 0.20078125 0.56875 0.07421875 0.084375
0 0.26328125 0.31484375 0.0890625 0.08203125
0 0.6734375 0.2453125 0.08671875 0.16328125
0 0.28359375 0.56484375 0.08671875 0.10078125
0 0.2640625 0.6828125 0.09140625 0.08203125
0 0.2828125 0.803125 0.084375 0.16796875