2 0.49765625 0.06875 0.4375 0.13671875
2 0.5015625 0.4640625 0.5453125 0.696875
2 0.365625 0.53359375 0.16328125 0.26953125
2 0.34375 0.7765625 0.14921875 0.21171875
2 0.5671875 0.84140625 0.3125 0.1390625
2 0.625 0.696875 0.1828125 0.1734375
2 0.62265625 0.50234375 0.196875 0.22109375
1 0.40234375 0.140625 0.12734375 0.040625
1 0.60078125 0.14296875 0.134375 0.040625
1 0.2796875 0.23671875 0.03125 0.1078125
1 0.28125 0.59765625 0.02890625 0.07421875
1 0.57578125 0.7921875 0.06015625 0.021875
0 0.5015625 0.10546875 0.07421875 0.10078125
0 0.51953125 0.47578125 0.0578125 0.0625
0 0.6890625 0.48046875 0.05078125 0.0671875
0 0.4375 0.603125 0.0578125 0.0625
0 0.5484375 0.6421875 0.0578125 0.0625
0 0.4953125 0.82578125 0.0671875 0.0890625
0 0.43125 0.8375 0.06484375 0.07421875