2 0.49609375 0.0875 0.42578125 0.13671875
2 0.5 0.478125 0.46171875 0.6390625
2 0.36640625 0.5453125 0.1609375 0.259375
2 0.34609375 0.7828125 0.14453125 0.209375
2 0.5640625 0.8453125 0.2953125 0.103125
2 0.61875 0.70546875 0.18984375 0.18515625
2 0.61796875 0.515625 0.2015625 0.2234375
1 0.40390625 0.1625 0.125 0.0359375
1 0.59609375 0.165625 0.1296875 0.02421875
1 0.28515625 0.25703125 0.0265625 0.1109375
1 0.28515625 0.60703125 0.0265625 0.07421875
1 0.571875 0.796875 0.0578125 0.021875
0 0.5 0.12890625 0.071875 0.0984375
0 0.5171875 0.48828125 0.0578125 0.0625
0 0.6828125 0.49375 0.0484375 0.06484375
0 0.4375 0.61328125 0.0578125 0.0625
0 0.5453125 0.65 0.053125 0.06015625
0 0.49375 0.8296875 0.06015625 0.08203125
0 0.43125 0.84140625 0.06484375 0.071875