1 0.43515625 0.0203125 0.0671875 0.0265625
1 0.16484375 0.1515625 0.021875 0.08203125
1 0.16484375 0.34140625 0.0171875 0.08203125
1 0.165625 0.4265625 0.01953125 0.0796875
1 0.228125 0.6765625 0.03359375 0.01171875
1 0.2765625 0.80390625 0.009375 0.084375
1 0.33046875 0.87109375 0.06953125 0.03125
1 0.4015625 0.87265625 0.0671875 0.03359375
1 0.56953125 0.740625 0.0140625 0.0578125
1 0.56875 0.603125 0.01171875 0.03828125
1 0.56953125 0.4828125 0.0140625 0.03828125
1 0.56953125 0.4109375 0.01953125 0.04296875
1 0.56953125 0.33046875 0.0140625 0.0359375
2 0.25703125 0.13203125 0.22578125 0.25
2 0.4640625 0.12734375 0.240625 0.2546875
2 0.51953125 0.303125 0.1109375 0.125
2 0.33046875 0.55546875 0.43515625 0.65390625
2 0.51328125 0.8375 0.1078125 0.084375
2 0.50859375 0.72109375 0.11328125 0.125
2 0.53984375 0.6203125 0.06953125 0.09140625
2 0.52265625 0.4625 0.11796875 0.209375
0 0.33046875 0.225 0.06484375 0.07421875
0 0.3890625 0.225 0.053125 0.06484375
0 0.54296875 0.38203125 0.04296875 0.053125
0 0.478125 0.55546875 0.071875 0.0671875
0 0.47578125 0.68515625 0.08203125 0.09140625
0 0.53125 0.69375 0.0578125 0.06953125
0 0.50859375 0.82109375 0.06484375 0.07421875