1 0.42578125 0.00625 0.0671875 0.01171875
1 0.14921875 0.1359375 0.01953125 0.084375
1 0.14921875 0.33046875 0.02890625 0.084375
1 0.14765625 0.41953125 0.0171875 0.0796875
1 0.2125 0.67578125 0.0359375 0.01953125
1 0.26328125 0.8078125 0.021875 0.08671875
1 0.31875 0.8765625 0.06953125 0.0265625
1 0.3921875 0.87734375 0.0671875 0.03359375
1 0.5640625 0.74140625 0.00703125 0.06015625
1 0.5640625 0.60078125 0.0171875 0.03828125
1 0.56484375 0.47578125 0.0140625 0.03828125
1 0.5640625 0.40390625 0.0171875 0.04296875
1 0.56484375 0.32109375 0.01953125 0.0359375
2 0.24140625 0.115625 0.19921875 0.23046875
2 0.4546875 0.11796875 0.2359375 0.2359375
2 0.51171875 0.2921875 0.1203125 0.13203125
2 0.31875 0.5515625 0.396875 0.65625
2 0.50703125 0.84140625 0.115625 0.09609375
2 0.5015625 0.72265625 0.12265625 0.13203125
2 0.53359375 0.61796875 0.0671875 0.09140625
2 0.5171875 0.45703125 0.125 0.21640625
0 0.31953125 0.21171875 0.0625 0.071875
0 0.37890625 0.21171875 0.06484375 0.071875
0 0.5375 0.37265625 0.040625 0.053125
0 0.47109375 0.5515625 0.071875 0.06953125
0 0.46640625 0.68515625 0.08671875 0.09609375
0 0.52421875 0.69453125 0.053125 0.0671875
0 0.5 0.82421875 0.0671875 0.0765625