2 0.2390625 0.19921875 0.31953125 0.2640625
2 0.77734375 0.27734375 0.12265625 0.103125
2 0.146875 0.41796875 0.178125 0.1734375
2 0.15625 0.69140625 0.14921875 0.36796875
2 0.5984375 0.5875 0.71640625 0.50234375
2 0.3109375 0.80078125 0.146875 0.1296875
2 0.41796875 0.80390625 0.0671875 0.12734375
2 0.46640625 0.88125 0.77890625 0.21875
2 0.60078125 0.80390625 0.29296875 0.146875
1 0.4203125 0.1703125 0.053125 0.14921875
1 0.56484375 0.3015625 0.115625 0.05546875
1 0.92421875 0.30390625 0.06484375 0.06015625
0 0.33984375 0.2921875 0.06015625 0.084375
0 0.14921875 0.4734375 0.0625 0.08671875
0 0.265625 0.3734375 0.06484375 0.07421875
0 0.896875 0.65859375 0.0625 0.08203125
0 0.696875 0.9421875 0.0625 0.0765625
0 0.47265625 0.77421875 0.05546875 0.071875
0 0.665625 0.97578125 0.0625 0.02890625