2 0.1984375 0.0484375 0.21875 0.09609375
1 0.0828125 0.2140625 0.01171875 0.071875
1 0.084375 0.359375 0.009375 0.11796875
1 0.1921875 0.48203125 0.10078125 0.03125
1 0.384375 0.48203125 0.0765625 0.0265625
1 0.4703125 0.48203125 0.0796875 0.021875
1 0.690625 0.98984375 0.065625 0.0203125
1 0.78125 0.9890625 0.0671875 0.021875
2 0.478125 0.52109375 0.95625 0.6046875
2 0.6359375 0.7203125 0.13671875 0.21875
1 0.5671875 0.74140625 0.01953125 0.06484375
2 0.74609375 0.87265625 0.38671875 0.2546875
2 0.8171875 0.37109375 0.23046875 0.228125
2 0.75234375 0.2484375 0.09140625 0.07421875
2 0.81015625 0.10546875 0.2390625 0.2109375
2 0.65625 0.0765625 0.1875 0.153125
2 0.50234375 0.2515625 0.46640625 0.50234375
2 0.196875 0.36875 0.240625 0.228125
2 0.1390625 0.178125 0.10546875 0.16796875
2 0.24765625 0.209375 0.1203125 0.10546875
2 0.24609375 0.12109375 0.11796875 0.06015625
0 0.0625 0.05625 0.0625 0.05546875
0 0.24296875 0.07578125 0.0625 0.06484375
0 0.290625 0.0625 0.071875 0.071875
0 0.671875 0.12890625 0.0453125 0.06484375
0 0.7234375 0.17890625 0.0671875 0.06484375
0 0.6828125 0.24765625 0.0671875 0.071875
0 0.72578125 0.32421875 0.0671875 0.0625
0 0.9578125 0.8953125 0.06953125 0.11796875
0 0.7359375 0.68046875 0.09140625 0.071875
0 0.74375 0.759375 0.06484375 0.071875
0 0.5453125 0.67890625 0.0765625 0.07421875
0 0.27890625 0.50625 0.0578125 0.06484375
0 0.33984375 0.37734375 0.0890625 0.1296875
0 0.15390625 0.2921875 0.0625 0.06015625
0 0.171875 0.24140625 0.05078125 0.040625
0 0.64765625 0.50703125 0.06953125 0.0765625
0 0.11328125 0.11875 0.0578125 0.06484375
1 0.93359375 0.38125 0.0265625 0.11796875