2 0.21640625 0.0640625 0.21640625 0.12734375
1 0.228125 0.01328125 0.08671875 0.0265625
1 0.4734375 0.0109375 0.1109375 0.0171875
1 0.65625 0.0109375 0.09140625 0.0171875
1 0.82578125 0.0109375 0.103125 0.0171875
1 0.103125 0.23046875 0.01953125 0.0671875
1 0.1046875 0.375 0.021875 0.1109375
1 0.209375 0.49375 0.09609375 0.03125
1 0.39765625 0.49375 0.07421875 0.01171875
1 0.48046875 0.49375 0.0765625 0.021875
1 0.696875 0.9875 0.0625 0.025
1 0.784375 0.98984375 0.065625 0.0203125
2 0.48046875 0.5328125 0.9609375 0.64375
2 0.64296875 0.72578125 0.1609375 0.22578125
1 0.5765625 0.74765625 0.02890625 0.0625
2 0.75234375 0.8859375 0.3609375 0.2234375
2 0.81953125 0.3859375 0.2453125 0.24296875
2 0.75625 0.2671875 0.0890625 0.0765625
2 0.81484375 0.12109375 0.2546875 0.2421875
2 0.66484375 0.0875 0.18046875 0.1703125
2 0.51328125 0.25390625 0.43046875 0.50703125
2 0.21640625 0.384375 0.21640625 0.20703125
2 0.1578125 0.196875 0.11796875 0.1734375
2 0.2640625 0.228125 0.115625 0.09609375
2 0.26328125 0.14453125 0.11796875 0.0765625
0 0.084375 0.0796875 0.0671875 0.0578125
0 0.259375 0.09765625 0.0578125 0.05546875
0 0.30625 0.08515625 0.06484375 0.06484375
0 0.678125 0.14921875 0.04296875 0.0578125
0 0.72734375 0.19921875 0.06015625 0.0578125
0 0.6890625 0.2671875 0.05546875 0.0625
0 0.73046875 0.3390625 0.0578125 0.053125
0 0.95703125 0.896875 0.071875 0.115625
0 0.7390625 0.6875 0.0890625 0.071875
0 0.74765625 0.7640625 0.0625 0.071875
0 0.55390625 0.6859375 0.0796875 0.07421875
0 0.2953125 0.5171875 0.0578125 0.0625
0 0.3546875 0.3921875 0.09375 0.1296875
0 0.171875 0.30859375 0.06484375 0.06484375
0 0.18984375 0.259375 0.053125 0.0484375
0 0.6546875 0.51953125 0.06953125 0.0765625
0 0.13359375 0.140625 0.05546875 0.06484375
1 0.9328125 0.3953125 0.02890625 0.11328125