2 0.08671875 0.18984375 0.1734375 0.2359375
2 0.5359375 0.44609375 0.85546875 0.834375
2 0.240625 0.75 0.14921875 0.1390625
2 0.37734375 0.7546875 0.1296875 0.134375
2 0.3359375 0.90703125 0.33125 0.1859375
2 0.1 0.90859375 0.1421875 0.1828125
2 0.29453125 0.584375 0.28125 0.22578125
2 0.865625 0.553125 0.1203125 0.15859375
2 0.7234375 0.5046875 0.14921875 0.08203125
2 0.78359375 0.3890625 0.2640625 0.1828125
1 0.9234375 0.16953125 0.03359375 0.0984375
1 0.9203125 0.38203125 0.03359375 0.0765625
1 0.92421875 0.553125 0.01171875 0.0484375
1 0.4078125 0.078125 0.13203125 0.05546875
1 0.1578125 0.40234375 0.03125 0.0984375
1 0.16015625 0.59375 0.040625 0.10546875
1 0.16015625 0.75703125 0.021875 0.053125
0 0.1296875 0.259375 0.08671875 0.0578125
0 0.6203125 0.36640625 0.08671875 0.06484375
0 0.6359375 0.51171875 0.05546875 0.03828125
0 0.609375 0.5140625 0.07421875 0.053125
0 0.890625 0.459375 0.05078125 0.03828125
0 0.46015625 0.59375 0.0796875 0.053125
0 0.3328125 0.7484375 0.05546875 0.040625
0 0.45703125 0.759375 0.0671875 0.04296875
0 0.47578125 0.8421875 0.0765625 0.06953125