2 0.0984375 0.165625 0.14453125 0.22109375
2 0.5375 0.415625 0.7765625 0.7453125
2 0.25 0.71171875 0.1390625 0.125
2 0.38203125 0.71484375 0.1109375 0.11796875
2 0.3453125 0.8734375 0.3484375 0.25234375
2 0.11328125 0.87734375 0.16328125 0.21171875
2 0.303125 0.55078125 0.25 0.178125
2 0.8578125 0.5203125 0.1296875 0.1609375
2 0.7203125 0.4734375 0.146875 0.08203125
2 0.77890625 0.3609375 0.26953125 0.196875
1 0.91328125 0.146875 0.03359375 0.09140625
1 0.9125 0.353125 0.0265625 0.071875
1 0.915625 0.51953125 0.0140625 0.0484375
1 0.4125 0.0578125 0.13203125 0.0484375
1 0.16796875 0.37265625 0.03359375 0.09609375
1 0.171875 0.56015625 0.0171875 0.10546875
1 0.1703125 0.7171875 0.009375 0.05078125
0 0.140625 0.2328125 0.084375 0.0578125
0 0.6203125 0.3390625 0.0765625 0.053125
0 0.634375 0.4796875 0.053125 0.040625
0 0.6078125 0.48203125 0.071875 0.05546875
0 0.88359375 0.42890625 0.0453125 0.040625
0 0.4640625 0.56015625 0.08203125 0.0578125
0 0.33984375 0.71015625 0.05546875 0.040625
0 0.46015625 0.72109375 0.06484375 0.04296875
0 0.47734375 0.8015625 0.07421875 0.06953125