1 0.1390625 0.165625 0.10078125 0.0484375
1 0.0625 0.21484375 0.02421875 0.0453125
1 0.359375 0.165625 0.07421875 0.03828125
1 0.06640625 0.646875 0.021875 0.0484375
1 0.58203125 0.72734375 0.08671875 0.03125
1 0.515625 0.68046875 0.0265625 0.04296875
1 0.51171875 0.46171875 0.01953125 0.0625
1 0.5140625 0.24140625 0.04296875 0.0984375
1 0.5890625 0.165625 0.10078125 0.053125
1 0.81640625 0.16484375 0.07421875 0.0359375
2 0.1609375 0.31953125 0.196875 0.28359375
2 0.3375 0.3265625 0.1515625 0.27890625
2 0.103125 0.52265625 0.0625 0.12265625
2 0.2828125 0.521875 0.28125 0.125
2 0.1203125 0.65 0.09140625 0.11328125
2 0.2921875 0.6515625 0.2671875 0.14921875
2 0.7671875 0.09140625 0.21171875 0.14453125
2 0.696875 0.44921875 0.384375 0.5578125
2 0.82578125 0.66015625 0.103125 0.12734375
2 0.8734375 0.78828125 0.19453125 0.115625
2 0.7171875 0.8390625 0.12265625 0.21171875
0 0.7609375 0.6234375 0.05078125 0.06015625
0 0.7359375 0.69921875 0.0578125 0.04296875
0 0.7484375 0.13125 0.05546875 0.040625
0 0.75390625 0.19453125 0.05546875 0.0484375
0 0.29453125 0.196875 0.05078125 0.04296875
0 0.2875 0.44609375 0.05546875 0.05078125
0 0.228125 0.44609375 0.0484375 0.0453125
0 0.11875 0.44609375 0.040625 0.040625
0 0.2203125 0.553125 0.040625 0.0578125
0 0.28984375 0.5734375 0.0453125 0.05078125
0 0.18046875 0.62265625 0.02890625 0.03828125
0 0.8109375 0.86640625 0.06015625 0.06484375