1 0.1140625 0.1453125 0.1078125 0.0453125
1 0.03359375 0.196875 0.02890625 0.0484375
1 0.3421875 0.146875 0.0796875 0.03828125
1 0.03828125 0.646875 0.02890625 0.053125
1 0.57421875 0.73046875 0.09140625 0.04296875
1 0.50625 0.68125 0.03125 0.05078125
1 0.50234375 0.453125 0.02890625 0.06484375
1 0.5046875 0.225 0.03828125 0.103125
1 0.5828125 0.146875 0.103125 0.04296875
1 0.81953125 0.1453125 0.071875 0.040625
2 0.13671875 0.30546875 0.2015625 0.2984375
2 0.32109375 0.3140625 0.2046875 0.30546875
2 0.0765625 0.51796875 0.0671875 0.13203125
2 0.26328125 0.5171875 0.30546875 0.15859375
2 0.09375 0.65 0.09609375 0.11796875
2 0.27421875 0.6515625 0.27421875 0.1390625
2 0.7671875 0.06875 0.21640625 0.13671875
2 0.69609375 0.4421875 0.4546875 0.60546875
2 0.8296875 0.66015625 0.10546875 0.13203125
2 0.8796875 0.7953125 0.2015625 0.115625
2 0.7171875 0.84765625 0.1515625 0.228125
0 0.76171875 0.6234375 0.04296875 0.06015625
0 0.7359375 0.7015625 0.0625 0.053125
0 0.75 0.109375 0.0625 0.0453125
0 0.7546875 0.17578125 0.0578125 0.053125
0 0.2765625 0.178125 0.053125 0.0484375
0 0.26796875 0.4375 0.05546875 0.0484375
0 0.20703125 0.4375 0.053125 0.0484375
0 0.0921875 0.4375 0.0453125 0.04296875
0 0.1984375 0.5484375 0.05078125 0.0671875
0 0.2703125 0.57109375 0.0453125 0.05078125
0 0.15625 0.62109375 0.03359375 0.0453125
0 0.81484375 0.8765625 0.0578125 0.06484375