1 0.1390625 0.1671875 0.10078125 0.05078125
1 0.0625 0.21640625 0.02890625 0.04296875
1 0.3609375 0.1671875 0.0765625 0.0359375
1 0.06640625 0.65 0.0171875 0.05078125
1 0.584375 0.73046875 0.08671875 0.02890625
1 0.51796875 0.68515625 0.03125 0.0484375
1 0.5140625 0.4640625 0.01953125 0.0625
1 0.5171875 0.24296875 0.04296875 0.09609375
1 0.5921875 0.1671875 0.0984375 0.040625
1 0.81953125 0.165625 0.071875 0.03828125
2 0.1609375 0.32109375 0.21640625 0.2953125
2 0.3390625 0.328125 0.1828125 0.290625
2 0.103125 0.5265625 0.0578125 0.125
2 0.28359375 0.52421875 0.28828125 0.14453125
2 0.1203125 0.65390625 0.10078125 0.1203125
2 0.29296875 0.6546875 0.2640625 0.12734375
2 0.76953125 0.0921875 0.20703125 0.12734375
2 0.70078125 0.4515625 0.44453125 0.58671875
2 0.8296875 0.6625 0.115625 0.13671875
2 0.87734375 0.79296875 0.1875 0.10078125
2 0.72109375 0.84375 0.1390625 0.21640625
0 0.7640625 0.62734375 0.053125 0.0625
0 0.7390625 0.703125 0.05546875 0.0453125
0 0.75234375 0.13203125 0.0578125 0.04296875
0 0.75703125 0.19453125 0.0578125 0.053125
0 0.2953125 0.1984375 0.0484375 0.0359375
0 0.28828125 0.4484375 0.053125 0.05078125
0 0.228125 0.4484375 0.0484375 0.05078125
0 0.11875 0.4484375 0.0453125 0.040625
0 0.22109375 0.55546875 0.0484375 0.0625
0 0.290625 0.5765625 0.0484375 0.053125
0 0.18046875 0.6265625 0.03359375 0.040625
0 0.81484375 0.87265625 0.053125 0.0578125