1 0.5671875 0.12890625 0.1390625 0.05546875
1 0.7828125 0.12890625 0.146875 0.06015625
2 0.6546875 0.45703125 0.459375 0.64453125
2 0.78515625 0.70703125 0.334375 0.134375
2 0.92578125 0.37734375 0.0671875 0.446875
1 0.95078125 0.12734375 0.0453125 0.053125
2 0.2453125 0.7078125 0.365625 0.1421875
2 0.33203125 0.85 0.60078125 0.12734375
2 0.79296875 0.84140625 0.3171875 0.1296875
0 0.48203125 0.67890625 0.103125 0.06015625
0 0.54921875 0.81875 0.11328125 0.07421875
0 0.55390625 0.88359375 0.11796875 0.06953125
0 0.3421875 0.88125 0.12734375 0.07421875
0 0.75234375 0.81875 0.1921875 0.084375