2 0.24375 0.13671875 0.37734375 0.2015625
1 0.1921875 0.2515625 0.21171875 0.021875
1 0.50625 0.25234375 0.1078125 0.02890625
1 0.77421875 0.2484375 0.178125 0.0171875
2 0.34609375 0.571875 0.571875 0.634375
2 0.5140625 0.62109375 0.21171875 0.1703125
2 0.57578125 0.8078125 0.3296875 0.178125
2 0.8265625 0.80546875 0.1828125 0.16796875
2 0.77265625 0.478125 0.271875 0.4515625
0 0.3375 0.2484375 0.084375 0.18984375
0 0.4578125 0.7515625 0.0796875 0.103125
0 0.3734375 0.7859375 0.0984375 0.10078125
0 0.46875 0.90625 0.08203125 0.1734375
0 0.7125 0.78359375 0.07421875 0.0765625
0 0.6875 0.6765625 0.08671875 0.0984375