2 0.4234375 0.0953125 0.2015625 0.18046875
1 0.5453125 0.26171875 0.0140625 0.053125
1 0.54453125 0.36328125 0.00703125 0.0625
1 0.39921875 0.5515625 0.0484375 0.01171875
1 0.3390625 0.55078125 0.053125 0.02890625
1 0.2078125 0.55078125 0.05546875 0.01953125
1 0.1515625 0.3484375 0.0140625 0.0578125
1 0.196875 0.18125 0.04296875 0.021875
1 0.1421875 0.89765625 0.0671875 0.00703125
1 0.2140625 0.896875 0.0671875 0.02421875
2 0.2015625 0.24609375 0.125 0.146875
2 0.2015625 0.3796875 0.09609375 0.125
2 0.2015625 0.48203125 0.1109375 0.1421875
2 0.2796875 0.21015625 0.05546875 0.06484375
2 0.38359375 0.36328125 0.30546875 0.39921875
2 0.43125 0.31484375 0.05078125 0.08203125
2 0.4578125 0.22734375 0.11328125 0.11796875
2 0.4984375 0.25703125 0.0359375 0.04296875
2 0.4828125 0.31875 0.053125 0.084375
2 0.43515625 0.665625 0.1875 0.240625
2 0.16328125 0.72578125 0.1203125 0.0671875
2 0.23671875 0.7234375 0.0359375 0.053125
2 0.17890625 0.82421875 0.15625 0.14921875
2 0.63671875 0.30859375 0.22109375 0.28125
2 0.665625 0.22578125 0.0671875 0.09609375
2 0.7984375 0.265625 0.20703125 0.17578125
2 0.79921875 0.4515625 0.2140625 0.2015625
2 0.6203125 0.49609375 0.15390625 0.11328125
0 0.6609375 0.28828125 0.03828125 0.0484375
0 0.6859375 0.3140625 0.0359375 0.0359375
0 0.6765625 0.46171875 0.0265625 0.04296875
0 0.4671875 0.5375 0.06015625 0.0453125
0 0.228125 0.72734375 0.03359375 0.0359375
0 0.26953125 0.5671875 0.02890625 0.0484375
0 0.24296875 0.459375 0.03828125 0.04296875
0 0.240625 0.39453125 0.02421875 0.02890625
0 0.24296875 0.28828125 0.02421875 0.02890625
0 0.2765625 0.2546875 0.02890625 0.03828125
0 0.396875 0.228125 0.02421875 0.02890625
0 0.47578125 0.19375 0.02890625 0.03125
0 0.47578125 0.259375 0.01953125 0.02421875
0 0.475 0.259375 0.0359375 0.03828125
0 0.46875 0.296875 0.02890625 0.03125