2 0.40234375 0.084375 0.19921875 0.16796875
1 0.53125 0.25390625 0.009375 0.05546875
1 0.53125 0.359375 0.009375 0.06015625
1 0.37890625 0.55546875 0.05078125 0.02421875
1 0.31484375 0.55390625 0.0578125 0.021875
1 0.17890625 0.55546875 0.05546875 0.01953125
1 0.1203125 0.34375 0.01953125 0.0625
1 0.16796875 0.16796875 0.04296875 0.01953125
1 0.1078125 0.91796875 0.071875 0.0140625
1 0.18515625 0.9171875 0.071875 0.0171875
2 0.1734375 0.23671875 0.115625 0.146875
2 0.1734375 0.3765625 0.10546875 0.13671875
2 0.1734375 0.4828125 0.10546875 0.1390625
2 0.2546875 0.19921875 0.0625 0.071875
2 0.36328125 0.359375 0.27421875 0.3921875
2 0.4125 0.30859375 0.06015625 0.0890625
2 0.43984375 0.2171875 0.1203125 0.12265625
2 0.48203125 0.25 0.03125 0.04296875
2 0.46640625 0.3125 0.0625 0.08671875
2 0.4171875 0.67578125 0.18984375 0.2453125
2 0.13125 0.73671875 0.12265625 0.06015625
2 0.209375 0.734375 0.0484375 0.06015625
2 0.14765625 0.84140625 0.165625 0.15390625
2 0.62734375 0.303125 0.2015625 0.27890625
2 0.6578125 0.21484375 0.07421875 0.103125
2 0.7953125 0.25703125 0.2453125 0.22109375
2 0.796875 0.45078125 0.21875 0.209375
2 0.609375 0.49765625 0.165625 0.125
0 0.6515625 0.28125 0.03828125 0.0484375
0 0.678125 0.30625 0.03359375 0.03125
0 0.66796875 0.46171875 0.03359375 0.0484375
0 0.45078125 0.540625 0.06484375 0.053125
0 0.19921875 0.7390625 0.03359375 0.0359375
0 0.24296875 0.571875 0.03828125 0.053125
0 0.21484375 0.459375 0.0359375 0.04296875
0 0.2125 0.3921875 0.03125 0.03828125
0 0.21484375 0.28125 0.0265625 0.03359375
0 0.25 0.24609375 0.02890625 0.0359375
0 0.37734375 0.21640625 0.02890625 0.03359375
0 0.459375 0.18125 0.02890625 0.0359375
0 0.459375 0.2515625 0.01953125 0.0265625
0 0.4578125 0.25234375 0.040625 0.04296875
0 0.45078125 0.28984375 0.0265625 0.03125