2 0.42265625 0.0921875 0.2078125 0.184375
1 0.54921875 0.26171875 0.01171875 0.053125
1 0.5484375 0.36640625 0.0140625 0.06015625
1 0.39921875 0.56015625 0.0484375 0.02421875
1 0.33671875 0.5578125 0.0578125 0.02890625
1 0.2015625 0.55859375 0.0578125 0.021875
1 0.14453125 0.35078125 0.0140625 0.0625
1 0.1921875 0.17890625 0.04296875 0.021875
1 0.13359375 0.915625 0.06953125 0.009375
1 0.2078125 0.91484375 0.06953125 0.0265625
2 0.196875 0.24609375 0.125 0.146875
2 0.19609375 0.38359375 0.1078125 0.13671875
2 0.196875 0.48828125 0.10546875 0.1390625
2 0.27734375 0.209375 0.05546875 0.0671875
2 0.38359375 0.36640625 0.2765625 0.3921875
2 0.43125 0.3171875 0.05546875 0.08671875
2 0.459375 0.22734375 0.1109375 0.11328125
2 0.5015625 0.25859375 0.0359375 0.0453125
2 0.4859375 0.31953125 0.0625 0.08671875
2 0.4359375 0.6765625 0.2046875 0.25234375
2 0.15625 0.73828125 0.125 0.0765625
2 0.2328125 0.7359375 0.04296875 0.0578125
2 0.171875 0.84140625 0.165625 0.15859375
2 0.64296875 0.3109375 0.18984375 0.2671875
2 0.6734375 0.225 0.071875 0.103125
2 0.80859375 0.2671875 0.2140625 0.1828125
2 0.81015625 0.45703125 0.23046875 0.22109375
2 0.62734375 0.50390625 0.15859375 0.11796875
0 0.665625 0.28984375 0.03359375 0.0453125
0 0.69375 0.31484375 0.0359375 0.03359375
0 0.68359375 0.4671875 0.03125 0.0453125
0 0.46875 0.54453125 0.0625 0.05546875
0 0.22265625 0.7390625 0.0359375 0.040625
0 0.265625 0.57578125 0.03125 0.0453125
0 0.23828125 0.46640625 0.03828125 0.04296875
0 0.2359375 0.39921875 0.02890625 0.03359375
0 0.23828125 0.28984375 0.02890625 0.0359375
0 0.27265625 0.2546875 0.021875 0.03828125
0 0.396875 0.22578125 0.02890625 0.03359375
0 0.478125 0.1921875 0.02421875 0.03359375
0 0.478125 0.2609375 0.01953125 0.0265625
0 0.47578125 0.2609375 0.03359375 0.040625
0 0.46875 0.2984375 0.02890625 0.02890625