1 0.77421875 0.78125 0.01953125 0.02421875
1 0.7078125 0.10078125 0.03125 0.01953125
1 0.8453125 0.0984375 0.03125 0.01953125
1 0.7765625 0.0984375 0.0671875 0.03359375
1 0.56953125 0.234375 0.04296875 0.0171875
1 0.3890625 0.23671875 0.0484375 0.021875
1 0.6234375 0.671875 0.0171875 0.103125
2 0.4828125 0.1265625 0.3078125 0.2328125
2 0.478125 0.44609375 0.34609375 0.44921875
2 0.384375 0.584375 0.115625 0.15859375
2 0.38671875 0.72109375 0.09140625 0.1109375
2 0.3859375 0.8421875 0.11328125 0.11796875
2 0.48046875 0.87109375 0.115625 0.18984375
2 0.48046875 0.72109375 0.08203125 0.10546875
2 0.57578125 0.6609375 0.12265625 0.2359375
2 0.77421875 0.16328125 0.2546875 0.15390625
2 0.77421875 0.384375 0.2546875 0.3078125
2 0.7078125 0.4859375 0.05546875 0.1109375
2 0.77421875 0.6625 0.2453125 0.2234375
0 0.77421875 0.2046875 0.03828125 0.08671875
0 0.78359375 0.51953125 0.02890625 0.0625
0 0.73671875 0.4625 0.0359375 0.06015625
0 0.4828125 0.203125 0.03359375 0.06953125
0 0.51171875 0.6109375 0.03828125 0.0765625
0 0.44453125 0.625 0.03828125 0.0578125
0 0.478125 0.6921875 0.03359375 0.071875
0 0.48046875 0.81015625 0.053125 0.08671875
0 0.44921875 0.84140625 0.03828125 0.0671875
0 0.40390625 0.640625 0.02890625 0.06015625