1 0.77421875 0.77890625 0.02421875 0.02421875
1 0.70703125 0.09140625 0.02890625 0.01953125
1 0.84609375 0.0890625 0.02890625 0.01953125
1 0.7765625 0.0890625 0.0671875 0.02890625
1 0.56875 0.22578125 0.0453125 0.02421875
1 0.3859375 0.228125 0.0453125 0.02421875
1 0.62265625 0.66796875 0.03359375 0.10078125
2 0.47734375 0.11875 0.3171875 0.2375
2 0.47578125 0.43984375 0.34609375 0.4515625
2 0.38125 0.5796875 0.1078125 0.15859375
2 0.38359375 0.71875 0.103125 0.1203125
2 0.38203125 0.84140625 0.10546875 0.115625
2 0.478125 0.8703125 0.08671875 0.1828125
2 0.47578125 0.71875 0.08671875 0.10546875
2 0.57421875 0.6578125 0.134375 0.24296875
2 0.77421875 0.1546875 0.2546875 0.15625
2 0.77421875 0.37734375 0.28828125 0.33203125
2 0.70703125 0.478125 0.0484375 0.1109375
2 0.77421875 0.65859375 0.27421875 0.2546875
0 0.77421875 0.19609375 0.04296875 0.0890625
0 0.78359375 0.5140625 0.03359375 0.0625
0 0.73671875 0.4578125 0.040625 0.06015625
0 0.48046875 0.19453125 0.0484375 0.071875
0 0.509375 0.60703125 0.03828125 0.07421875
0 0.4421875 0.6203125 0.04296875 0.0578125
0 0.47578125 0.68984375 0.04296875 0.0765625
0 0.478125 0.8078125 0.0484375 0.08671875
0 0.446875 0.83984375 0.04296875 0.06953125
0 0.4 0.63671875 0.03125 0.0578125