2 0.49765625 0.1046875 0.79296875 0.1703125
1 0.25625 0.19609375 0.17578125 0.01171875
1 0.72578125 0.19375 0.15390625 0.01171875
1 0.89921875 0.59140625 0.053125 0.053125
2 0.32578125 0.421875 0.40625 0.4640625
2 0.66484375 0.7125 0.23828125 0.09375
2 0.70546875 0.59609375 0.353125 0.1203125
2 0.61796875 0.4546875 0.15390625 0.04296875
2 0.62265625 0.39921875 0.15859375 0.053125
2 0.725 0.45546875 0.37734375 0.1703125
2 0.72265625 0.28515625 0.334375 0.1703125
0 0.41484375 0.18359375 0.09375 0.040625
0 0.5734375 0.353125 0.0796875 0.02890625
0 0.6234375 0.36328125 0.07421875 0.01953125
0 0.50390625 0.4515625 0.09375 0.02890625
0 0.76328125 0.44453125 0.0796875 0.01953125
0 0.50859375 0.50859375 0.11328125 0.03125
0 0.57578125 0.56015625 0.12265625 0.02890625
0 0.428125 0.68359375 0.1203125 0.05078125
0 0.50390625 0.728125 0.11796875 0.03359375
1 0.240625 0.6625 0.14921875 0.00703125