2 0.05546875 0.19453125 0.1109375 0.240625
2 0.4640625 0.44921875 0.928125 0.75
2 0.5671875 0.16953125 0.2640625 0.19453125
2 0.759375 0.4375 0.33203125 0.240625
2 0.6453125 0.60546875 0.0984375 0.1296875
2 0.76171875 0.671875 0.33203125 0.2953125
2 0.4203125 0.42890625 0.125 0.17578125
1 0.540625 0.071875 0.1203125 0.0484375
1 0.93359375 0.1734375 0.06484375 0.1734375
1 0.93515625 0.44140625 0.071875 0.18515625
1 0.93515625 0.7171875 0.04296875 0.17578125
0 0.56015625 0.28125 0.053125 0.04296875
0 0.6234375 0.29921875 0.05078125 0.06484375
0 0.584375 0.45078125 0.0625 0.05546875
0 0.49765625 0.4390625 0.0484375 0.05546875
0 0.10234375 0.2875 0.12265625 0.084375
0 0.5890625 0.64296875 0.04296875 0.05078125
0 0.796875 0.5625 0.06484375 0.0671875
0 0.5875 0.73046875 0.05546875 0.071875
0 0.57109375 0.8234375 0.06953125 0.0984375