2 0.0484375 0.16796875 0.09609375 0.2359375
2 0.48203125 0.4265625 0.9640625 0.8296875
2 0.57421875 0.14296875 0.27421875 0.209375
2 0.76796875 0.41484375 0.31953125 0.209375
2 0.65390625 0.58671875 0.09609375 0.1296875
2 0.771875 0.65390625 0.35078125 0.321875
2 0.42421875 0.4078125 0.146875 0.18984375
1 0.546875 0.04296875 0.12265625 0.0484375
1 0.94609375 0.146875 0.06484375 0.178125
1 0.94921875 0.41953125 0.0671875 0.18984375
1 0.9484375 0.69921875 0.05546875 0.178125
0 0.56640625 0.25625 0.05546875 0.05078125
0 0.63125 0.275 0.06015625 0.06953125
0 0.58984375 0.42890625 0.06484375 0.06015625
0 0.50390625 0.415625 0.05078125 0.0578125
0 0.10078125 0.26171875 0.1203125 0.08671875
0 0.59609375 0.6234375 0.03828125 0.0453125
0 0.80625 0.5421875 0.07421875 0.07421875
0 0.59375 0.7140625 0.0578125 0.071875
0 0.5765625 0.8078125 0.0625 0.09609375