1 0.05625 0.2546875 0.0171875 0.115625
1 0.05859375 0.5265625 0.01171875 0.1109375
1 0.0578125 0.6921875 0.0140625 0.1203125
1 0.79921875 0.56640625 0.00703125 0.11796875
2 0.2046875 0.24140625 0.28359375 0.24296875
2 0.365625 0.19921875 0.1203125 0.16796875
2 0.47109375 0.19921875 0.0765625 0.16796875
2 0.58203125 0.48203125 0.46171875 0.73828125
2 0.6546875 0.584375 0.2765625 0.196875
2 0.8578125 0.3078125 0.1109375 0.28359375
2 0.22109375 0.49296875 0.321875 0.23046875
2 0.22109375 0.73203125 0.321875 0.2328125
2 0.34375 0.7671875 0.071875 0.14921875
0 0.3796875 0.31875 0.0578125 0.06484375
0 0.46171875 0.3125 0.0578125 0.071875
0 0.31640625 0.33515625 0.06953125 0.06015625
0 0.31953125 0.41484375 0.0765625 0.07421875
0 0.365625 0.65 0.0671875 0.06953125
0 0.53984375 0.525 0.06484375 0.06953125
0 0.4046875 0.72109375 0.05546875 0.0578125
0 0.4328125 0.85078125 0.0671875 0.16328125