1 0.11640625 0.08515625 0.0984375 0.0453125
1 0.2703125 0.084375 0.06484375 0.02421875
1 0.3640625 0.0828125 0.06484375 0.0359375
1 0.4515625 0.084375 0.0671875 0.03359375
1 0.6421875 0.14453125 0.0578125 0.03359375
1 0.384375 0.775 0.08671875 0.0359375
1 0.1546875 0.775 0.09375 0.040625
2 0.85234375 0.32421875 0.18515625 0.1828125
2 0.6 0.2046875 0.18515625 0.1296875
2 0.60078125 0.35078125 0.2015625 0.1828125
2 0.63671875 0.49765625 0.134375 0.1390625
2 0.63359375 0.665625 0.12265625 0.20703125
2 0.63671875 0.84140625 0.1203125 0.1109375
2 0.30859375 0.428125 0.56953125 0.71640625
2 0.16015625 0.640625 0.23828125 0.25234375
2 0.38359375 0.64453125 0.2328125 0.26953125
0 0.4375 0.571875 0.0671875 0.09140625
0 0.24140625 0.5484375 0.06015625 0.0765625
0 0.5171875 0.553125 0.0578125 0.0765625
0 0.553125 0.6765625 0.071875 0.06953125
0 0.4828125 0.209375 0.0578125 0.0578125
0 0.5484375 0.1109375 0.0625 0.0625
0 0.57421875 0.28984375 0.0625 0.06015625
0 0.62734375 0.4625 0.0625 0.06953125
0 0.5421875 0.7953125 0.05078125 0.0578125
0 0.5578125 0.8421875 0.053125 0.06484375