1 0.13671875 0.1 0.09140625 0.0359375
1 0.28828125 0.09765625 0.0625 0.03125
1 0.38203125 0.09765625 0.0625 0.040625
1 0.4671875 0.09765625 0.06484375 0.0265625
1 0.65390625 0.1578125 0.0578125 0.0265625
1 0.4015625 0.77890625 0.08671875 0.02421875
1 0.17578125 0.77890625 0.09140625 0.03828125
2 0.8609375 0.334375 0.1828125 0.178125
2 0.61328125 0.21640625 0.1921875 0.134375
2 0.6140625 0.3609375 0.19453125 0.178125
2 0.64921875 0.50625 0.134375 0.1421875
2 0.646875 0.6734375 0.1203125 0.20703125
2 0.65 0.8421875 0.12265625 0.11328125
2 0.3265625 0.4359375 0.571875 0.7140625
2 0.18046875 0.646875 0.23046875 0.25
2 0.39921875 0.64921875 0.22109375 0.259375
0 0.453125 0.578125 0.05546875 0.084375
0 0.259375 0.55546875 0.053125 0.071875
0 0.5296875 0.56015625 0.06015625 0.0765625
0 0.56640625 0.6828125 0.06484375 0.0625
0 0.49609375 0.22109375 0.06015625 0.0578125
0 0.5609375 0.1234375 0.05546875 0.05546875
0 0.5875 0.30078125 0.05546875 0.0578125
0 0.6390625 0.47109375 0.053125 0.0625
0 0.55546875 0.79921875 0.0484375 0.05546875
0 0.57109375 0.8453125 0.0453125 0.06015625