1 0.13125 0.1046875 0.09375 0.040625
1 0.28359375 0.103125 0.0625 0.03359375
1 0.37734375 0.10234375 0.0625 0.0359375
1 0.4625 0.103125 0.06484375 0.02421875
1 0.65 0.1625 0.05546875 0.03125
1 0.396875 0.7875 0.08671875 0.03125
1 0.16953125 0.7875 0.0890625 0.040625
2 0.8578125 0.34140625 0.178125 0.178125
2 0.6109375 0.22265625 0.1875 0.12734375
2 0.6109375 0.36640625 0.196875 0.18046875
2 0.6453125 0.51171875 0.12265625 0.1296875
2 0.64296875 0.67890625 0.1515625 0.21875
2 0.646875 0.85078125 0.1296875 0.1203125
2 0.32109375 0.4421875 0.6078125 0.740625
2 0.17421875 0.65390625 0.25234375 0.2640625
2 0.39453125 0.65625 0.23046875 0.26953125
0 0.44921875 0.584375 0.0671875 0.09140625
0 0.2546875 0.5625 0.0625 0.0765625
0 0.5265625 0.56640625 0.071875 0.084375
0 0.5609375 0.6890625 0.06484375 0.06015625
0 0.49296875 0.22734375 0.0625 0.06015625
0 0.5578125 0.1296875 0.0625 0.0625
0 0.584375 0.3078125 0.0625 0.0625
0 0.6359375 0.478125 0.05546875 0.0625
0 0.5515625 0.80625 0.05546875 0.06015625
0 0.5671875 0.853125 0.0484375 0.0625