2 0.0765625 0.26953125 0.09140625 0.14921875
1 0.06953125 0.35234375 0.0625 0.01171875
1 0.03125 0.41796875 0.02421875 0.071875
1 0.03125 0.5171875 0.009375 0.02890625
1 0.17578125 0.58203125 0.03359375 0.0140625
1 0.41953125 0.1921875 0.06484375 0.01953125
1 0.31640625 0.19140625 0.021875 0.0171875
1 0.5171875 0.4203125 0.01953125 0.0765625
1 0.5171875 0.5265625 0.009375 0.02421875
1 0.55546875 0.35078125 0.053125 0.0140625
1 0.609375 0.25234375 0.00703125 0.10078125
1 0.68125 0.1734375 0.09375 0.03828125
1 0.80859375 0.1921875 0.0453125 0.009375
1 0.89921875 0.1921875 0.053125 0.01953125
1 0.97109375 0.4125 0.009375 0.0265625
1 0.9125 0.58203125 0.06015625 0.0140625
1 0.81953125 0.5828125 0.0578125 0.0171875
1 0.7234375 0.584375 0.01953125 0.0046875
1 0.64765625 0.58203125 0.05546875 0.009375
2 0.74765625 0.646875 0.25 0.14453125
2 0.7046875 0.74296875 0.15859375 0.0625
2 0.22578125 0.2640625 0.21640625 0.178125
2 0.40859375 0.265625 0.1734375 0.165625
2 0.38203125 0.334375 0.03828125 0.04296875
2 0.44375 0.38359375 0.0984375 0.15625
2 0.4546875 0.521875 0.0765625 0.1109375
2 0.2828125 0.459375 0.30546875 0.2640625
2 0.08671875 0.4640625 0.134375 0.2359375
2 0.56015625 0.2703125 0.1109375 0.165625
2 0.8375 0.21875 0.05546875 0.0671875
2 0.83671875 0.30546875 0.0625 0.10078125
2 0.9125 0.2703125 0.11328125 0.165625
2 0.93359375 0.3921875 0.06953125 0.071875
2 0.921875 0.50625 0.103125 0.1515625
2 0.8234375 0.5046875 0.0984375 0.15390625
2 0.7015625 0.375 0.4375 0.46171875
2 0.77734375 0.25390625 0.0796875 0.11796875
2 0.834375 0.2203125 0.0484375 0.06484375
2 0.83671875 0.30625 0.0625 0.1078125
0 0.86875 0.2140625 0.0265625 0.03359375
0 0.875 0.3421875 0.02890625 0.0359375
0 0.84609375 0.36796875 0.02421875 0.02890625
0 0.86796875 0.44140625 0.053125 0.0359375
0 0.8953125 0.40859375 0.040625 0.04296875
0 0.76328125 0.49765625 0.0359375 0.03828125
0 0.75703125 0.5984375 0.0484375 0.053125
0 0.61875 0.5203125 0.03125 0.0359375
0 0.69921875 0.446875 0.03359375 0.02890625
0 0.609375 0.31484375 0.05546875 0.04296875
0 0.41484375 0.38359375 0.03125 0.040625
0 0.41484375 0.49140625 0.03125 0.03125
0 0.3609375 0.48046875 0.03359375 0.0484375
0 0.3609375 0.39765625 0.03359375 0.0453125
0 0.34375 0.3234375 0.02890625 0.0359375
0 0.28359375 0.353125 0.03359375 0.03828125
0 0.12109375 0.31640625 0.06015625 0.0359375
0 0.15859375 0.384375 0.03359375 0.0484375
0 0.08984375 0.6109375 0.0890625 0.071875