1 0.040625 0.140625 0.009375 0.09375
1 0.0921875 0.08671875 0.09375 0.02421875
1 0.36328125 0.084375 0.09140625 0.0140625
1 0.45703125 0.4796875 0.009375 0.1421875
1 0.228125 0.7484375 0.009375 0.09375
1 0.09375 0.75 0.009375 0.09609375
1 0.03828125 0.4890625 0.009375 0.0453125
1 0.92578125 0.38359375 0.009375 0.13203125
1 0.50625 0.33203125 0.00703125 0.03828125
2 0.71640625 0.17421875 0.40859375 0.1609375
2 0.7140625 0.46015625 0.40859375 0.396875
2 0.66796875 0.328125 0.125 0.12734375
2 0.71171875 0.30390625 0.04296875 0.06953125
2 0.553125 0.321875 0.08671875 0.1203125
0 0.6140625 0.35078125 0.03125 0.04296875
0 0.6265625 0.41484375 0.040625 0.06953125
0 0.76171875 0.28359375 0.03828125 0.0765625
0 0.52421875 0.421875 0.0484375 0.06015625
2 0.24609375 0.3703125 0.4109375 0.5765625
2 0.1609375 0.7453125 0.125 0.14921875
2 0.08671875 0.50390625 0.08671875 0.12265625
2 0.14296875 0.5515625 0.19921875 0.209375
0 0.16953125 0.47109375 0.05078125 0.08203125
0 0.14921875 0.49765625 0.0484375 0.0671875
0 0.23203125 0.5453125 0.06015625 0.08671875
0 0.16953125 0.69375 0.05078125 0.084375
0 0.16328125 0.85703125 0.053125 0.07421875