1 0.1859375 0.0875 0.165625 0.03125
1 0.478125 0.08984375 0.16328125 0.021875
1 0.78984375 0.08671875 0.165625 0.01953125
1 0.9578125 0.24609375 0.021875 0.1703125
1 0.959375 0.55390625 0.01953125 0.0796875
1 0.84765625 0.7203125 0.13203125 0.03125
1 0.1453125 0.72109375 0.0453125 0.02890625
1 0.2359375 0.725 0.04296875 0.03125
1 0.3234375 0.775 0.0171875 0.05546875
2 0.1828125 0.265625 0.27421875 0.334375
2 0.115625 0.584375 0.1390625 0.259375
2 0.25703125 0.58046875 0.125 0.25234375
2 0.39453125 0.79921875 0.115625 0.146875
2 0.56015625 0.80546875 0.1875 0.16796875
2 0.47265625 0.209375 0.28125 0.22578125
2 0.47734375 0.5203125 0.2859375 0.38203125
2 0.54453125 0.63828125 0.1515625 0.146875
2 0.7921875 0.40234375 0.31953125 0.6078125
0 0.375 0.37890625 0.0765625 0.11796875
0 0.296875 0.3890625 0.0796875 0.09140625
0 0.21640625 0.6265625 0.0765625 0.0890625
0 0.359375 0.625 0.06953125 0.08671875
0 0.37734375 0.6828125 0.0671875 0.10078125
0 0.521875 0.51796875 0.08671875 0.12265625
0 0.52265625 0.76171875 0.09375 0.115625