2 0.25703125 0.15859375 0.4421875 0.115625
2 0.74375 0.1578125 0.43515625 0.11328125
1 0.640625 0.2234375 0.05546875 0.01953125
1 0.7609375 0.22265625 0.06484375 0.021875
1 0.88203125 0.225 0.0625 0.0171875
1 0.89296875 0.7859375 0.06015625 0.0140625
1 0.81875 0.7875 0.021875 0.0171875
1 0.7390625 0.7859375 0.06015625 0.01953125
1 0.52421875 0.634375 0.0140625 0.1109375
1 0.2953125 0.22578125 0.01953125 0.01953125
1 0.14921875 0.2234375 0.0625 0.0140625
2 0.0734375 0.35234375 0.06953125 0.24765625
2 0.071875 0.55390625 0.071875 0.13203125
2 0.0734375 0.7015625 0.07421875 0.15390625
2 0.16796875 0.646875 0.10078125 0.2546875
2 0.17578125 0.3703125 0.115625 0.28359375
2 0.2828125 0.27421875 0.06484375 0.08203125
2 0.27421875 0.5515625 0.09609375 0.459375
2 0.24609375 0.64765625 0.0453125 0.0796875
2 0.40234375 0.7078125 0.1515625 0.1421875
2 0.4015625 0.4234375 0.15390625 0.3796875
2 0.66328125 0.35703125 0.27890625 0.26171875
2 0.8859375 0.3578125 0.146875 0.259375
2 0.9109375 0.634375 0.10546875 0.28828125
2 0.8296875 0.6875 0.0484375 0.196875
2 0.73046875 0.6421875 0.04296875 0.10546875
2 0.75625 0.5375 0.18984375 0.084375
2 0.73046875 0.68359375 0.1390625 0.18515625
2 0.71484375 0.85703125 0.1078125 0.13203125
0 0.0625 0.19140625 0.04296875 0.084375
0 0.26953125 0.196875 0.03828125 0.0671875
0 0.3890625 0.1859375 0.10546875 0.09375
0 0.26796875 0.29921875 0.0359375 0.06484375
0 0.25390625 0.4828125 0.0453125 0.0484375
0 0.25625 0.5828125 0.03125 0.05078125
0 0.12890625 0.7296875 0.0359375 0.05078125
0 0.1984375 0.546875 0.040625 0.06953125
0 0.0578125 0.45703125 0.04296875 0.071875
0 0.5921875 0.2203125 0.040625 0.12734375
0 0.6296875 0.4640625 0.03828125 0.08203125
0 0.6875 0.4640625 0.03828125 0.0765625
0 0.6453125 0.53125 0.0453125 0.0625
0 0.83515625 0.4671875 0.03125 0.06953125
0 0.8703125 0.52890625 0.0484375 0.08203125
0 0.81953125 0.603125 0.02890625 0.0625
0 0.73828125 0.6078125 0.02890625 0.053125
0 0.68125 0.615625 0.040625 0.08671875
0 0.68984375 0.81875 0.04296875 0.0796875