2 0.63203125 0.18046875 0.22578125 0.10078125
2 0.63359375 0.4515625 0.2234375 0.41796875
2 0.5890625 0.578125 0.134375 0.165625
2 0.5765625 0.47265625 0.1109375 0.06484375
2 0.30546875 0.86796875 0.08203125 0.1203125
1 0.26171875 0.8765625 0.0046875 0.06484375
1 0.43984375 0.6703125 0.0484375 0.0140625
1 0.3078125 0.671875 0.0484375 0.01171875
1 0.3546875 0.24140625 0.05546875 0.01171875
1 0.42890625 0.24296875 0.06484375 0.009375
1 0.5671875 0.24296875 0.0578125 0.0140625
1 0.7140625 0.24609375 0.02421875 0.00703125
1 0.57421875 0.6671875 0.0578125 0.01171875
1 0.69609375 0.6734375 0.0453125 0.0140625
2 0.37265625 0.740625 0.21640625 0.115625
2 0.37265625 0.453125 0.22109375 0.4203125
2 0.37265625 0.61328125 0.03828125 0.08671875
2 0.303125 0.61875 0.08203125 0.084375
2 0.37109375 0.1359375 0.21875 0.19453125
0 0.5046875 0.10078125 0.03828125 0.0484375
0 0.29296875 0.21640625 0.04296875 0.0671875
0 0.41796875 0.54453125 0.02890625 0.040625
0 0.37890625 0.59375 0.040625 0.0578125
0 0.3640625 0.63828125 0.040625 0.0453125
0 0.31015625 0.5875 0.02421875 0.0359375
0 0.37734375 0.69609375 0.04296875 0.06953125
0 0.64296875 0.46015625 0.0359375 0.040625
0 0.67578125 0.22109375 0.03828125 0.0671875
0 0.6453125 0.5328125 0.0359375 0.0359375