1 0.15390625 0.12265625 0.009375 0.01953125
1 0.23046875 0.13828125 0.0671875 0.021875
1 0.0375 0.2078125 0.00703125 0.0171875
1 0.03828125 0.2671875 0.009375 0.0140625
1 0.03828125 0.3453125 0.01953125 0.0359375
1 0.03828125 0.41796875 0.0140625 0.03828125
1 0.0796875 0.478125 0.02421875 0.0140625
1 0.2328125 0.55390625 0.02421875 0.01171875
1 0.16484375 0.709375 0.01171875 0.0140625
1 0.39453125 0.709375 0.009375 0.0140625
1 0.16484375 0.7859375 0.021875 0.04296875
1 0.39453125 0.7859375 0.009375 0.0484375
1 0.68515625 0.55859375 0.0140625 0.00703125
1 0.56484375 0.47578125 0.02421875 0.01953125
1 0.45703125 0.4046875 0.0140625 0.05546875
1 0.45703125 0.25625 0.01953125 0.0359375
1 0.45546875 0.15859375 0.021875 0.0578125
1 0.50703125 0.103125 0.053125 0.009375
1 0.571875 0.11875 0.009375 0.021875
1 0.64765625 0.1359375 0.06953125 0.0265625
2 0.21484375 0.0828125 0.13203125 0.1078125
2 0.0953125 0.140625 0.11796875 0.0796875
2 0.07421875 0.20703125 0.071875 0.0578125
2 0.13359375 0.209375 0.0453125 0.0671875
2 0.15625 0.265625 0.2359375 0.24765625
2 0.07421875 0.2703125 0.071875 0.06484375
2 0.13125 0.26953125 0.040625 0.0578125
2 0.240625 0.41328125 0.08203125 0.125
2 0.12109375 0.4265625 0.165625 0.1078125
2 0.2765625 0.5171875 0.196875 0.09609375
2 0.3171875 0.57578125 0.1296875 0.05546875
2 0.27890625 0.84140625 0.2359375 0.25
2 0.334375 0.6921875 0.1109375 0.0578125
2 0.22109375 0.69453125 0.10546875 0.053125
1 0.8890625 0.475 0.0625 0.01171875
1 0.9 0.1359375 0.07421875 0.0265625
2 0.88671875 0.09375 0.125 0.09140625
2 0.8484375 0.1859375 0.20703125 0.18515625
2 0.6 0.09375 0.19453125 0.09140625
2 0.57578125 0.259375 0.2671875 0.33203125
2 0.6703125 0.38359375 0.0484375 0.06953125
2 0.53125 0.41796875 0.14921875 0.1203125
2 0.646875 0.44453125 0.09140625 0.0625
2 0.671875 0.5171875 0.05078125 0.0765625
2 0.5953125 0.51953125 0.11328125 0.09609375
2 0.8015625 0.3125 0.103125 0.10078125
2 0.8921875 0.31015625 0.10078125 0.09140625
2 0.8484375 0.415625 0.2015625 0.1390625
0 0.17578125 0.1265625 0.03828125 0.040625
0 0.1390625 0.15859375 0.03828125 0.02890625
0 0.1671875 0.2078125 0.040625 0.0359375
0 0.0953125 0.18984375 0.03125 0.03359375
0 0.09375 0.22578125 0.03359375 0.03359375
0 0.2203125 0.37265625 0.040625 0.02890625
0 0.16953125 0.3796875 0.03125 0.03359375
0 0.27421875 0.56875 0.03359375 0.040625
0 0.32421875 0.49296875 0.03828125 0.04296875
0 0.22734375 0.49375 0.040625 0.0453125
0 0.59765625 0.1359375 0.0359375 0.06953125
0 0.63359375 0.38671875 0.040625 0.03359375
0 0.5671875 0.384375 0.04296875 0.03359375
0 0.6265625 0.4328125 0.0359375 0.03359375
0 0.634375 0.53359375 0.0484375 0.04296875
0 0.6265625 0.48828125 0.03125 0.03828125
0 0.3390625 0.65 0.03828125 0.0453125
0 0.225 0.64921875 0.0453125 0.04296875
0 0.8484375 0.1359375 0.03359375 0.06953125
0 0.859375 0.275 0.03125 0.03125
0 0.853125 0.303125 0.03359375 0.02890625
0 0.8703125 0.3421875 0.02890625 0.03125