1 0.15234375 0.1046875 0.01171875 0.0171875
1 0.23046875 0.1203125 0.0671875 0.009375
1 0.0359375 0.18984375 0.009375 0.0140625
1 0.0359375 0.25 0.009375 0.01953125
1 0.03515625 0.3296875 0.01171875 0.03359375
1 0.03515625 0.40390625 0.01171875 0.03828125
1 0.078125 0.4640625 0.021875 0.0140625
1 0.2328125 0.53984375 0.02421875 0.0171875
1 0.16484375 0.696875 0.01171875 0.0140625
1 0.3953125 0.696875 0.01171875 0.01953125
1 0.16484375 0.77421875 0.0171875 0.0484375
1 0.3953125 0.77421875 0.021875 0.0484375
1 0.68984375 0.54453125 0.01953125 0.00703125
1 0.56875 0.46015625 0.021875 0.0171875
1 0.459375 0.3890625 0.01953125 0.053125
1 0.459375 0.23828125 0.0140625 0.03359375
1 0.45703125 0.140625 0.0140625 0.05546875
1 0.509375 0.08515625 0.0578125 0.00703125
1 0.57421875 0.1 0.0140625 0.021875
1 0.65234375 0.11640625 0.06953125 0.01171875
2 0.21484375 0.06484375 0.13671875 0.115625
2 0.09375 0.12265625 0.115625 0.071875
2 0.0734375 0.1890625 0.07421875 0.06015625
2 0.13203125 0.19140625 0.0484375 0.06484375
2 0.15625 0.2484375 0.26953125 0.28125
2 0.07421875 0.25390625 0.0765625 0.06953125
2 0.1296875 0.25234375 0.03828125 0.0625
2 0.240625 0.39921875 0.0765625 0.125
2 0.1203125 0.4109375 0.1734375 0.1203125
2 0.2765625 0.50234375 0.1921875 0.071875
2 0.31875 0.5625 0.13203125 0.053125
2 0.27890625 0.83203125 0.22578125 0.240625
2 0.33515625 0.68046875 0.11328125 0.0625
2 0.22109375 0.6828125 0.10546875 0.0578125
1 0.8953125 0.46015625 0.06484375 0.0171875
1 0.9078125 0.11796875 0.07421875 0.01953125
2 0.89296875 0.07421875 0.11796875 0.0765625
2 0.8546875 0.16796875 0.209375 0.1828125
2 0.603125 0.0765625 0.1921875 0.0765625
2 0.5796875 0.24296875 0.28828125 0.34140625
2 0.67578125 0.36796875 0.0484375 0.0671875
2 0.53515625 0.40234375 0.1515625 0.12734375
2 0.6515625 0.42890625 0.09140625 0.05546875
2 0.6765625 0.50234375 0.05078125 0.08203125
2 0.5984375 0.5046875 0.10546875 0.08671875
2 0.8078125 0.2953125 0.09609375 0.09140625
2 0.89921875 0.29453125 0.10546875 0.09375
2 0.853125 0.4 0.20703125 0.1421875
0 0.17578125 0.1078125 0.03828125 0.04296875
0 0.13828125 0.140625 0.0359375 0.03125
0 0.165625 0.19140625 0.04296875 0.0359375
0 0.09375 0.171875 0.02890625 0.03125
0 0.09140625 0.2078125 0.03828125 0.040625
0 0.2203125 0.35703125 0.040625 0.03125
0 0.16953125 0.3640625 0.03125 0.03125
0 0.275 0.55546875 0.0359375 0.04296875
0 0.32578125 0.478125 0.03125 0.03828125
0 0.22734375 0.4796875 0.040625 0.0453125
0 0.60078125 0.11796875 0.0484375 0.071875
0 0.63671875 0.37109375 0.04296875 0.0359375
0 0.57109375 0.36875 0.040625 0.0359375
0 0.6296875 0.41796875 0.03828125 0.03828125
0 0.6390625 0.5203125 0.0484375 0.040625
0 0.6296875 0.4734375 0.03359375 0.04296875
0 0.3390625 0.63671875 0.03828125 0.04296875
0 0.225 0.6359375 0.0453125 0.0453125
0 0.853125 0.11796875 0.03359375 0.0671875
0 0.865625 0.25859375 0.03359375 0.0359375
0 0.859375 0.2859375 0.0359375 0.03359375
0 0.87734375 0.3265625 0.03359375 0.03359375