1 0.14921875 0.1140625 0.009375 0.0171875
1 0.22734375 0.1296875 0.06953125 0.02421875
1 0.03125 0.20078125 0.009375 0.0171875
1 0.03125 0.259375 0.009375 0.01953125
1 0.03125 0.3390625 0.0140625 0.03359375
1 0.03125 0.41328125 0.009375 0.03828125
1 0.0734375 0.4734375 0.021875 0.009375
1 0.228125 0.54921875 0.02421875 0.01171875
1 0.16015625 0.70703125 0.01171875 0.0140625
1 0.390625 0.70703125 0.01171875 0.01953125
1 0.16015625 0.78515625 0.021875 0.0453125
1 0.3921875 0.78359375 0.01953125 0.0484375
1 0.68515625 0.55390625 0.01953125 0.00703125
1 0.56484375 0.47109375 0.02421875 0.01953125
1 0.4546875 0.39921875 0.0140625 0.053125
1 0.4546875 0.2484375 0.0140625 0.0359375
1 0.453125 0.15 0.01171875 0.05546875
1 0.50625 0.09609375 0.05546875 0.0140625
1 0.57109375 0.1109375 0.01171875 0.02421875
1 0.64765625 0.12734375 0.06953125 0.01953125
2 0.21171875 0.0734375 0.1390625 0.11796875
2 0.08984375 0.13203125 0.11796875 0.08203125
2 0.06875 0.19921875 0.07421875 0.0625
2 0.12734375 0.20078125 0.04296875 0.06484375
2 0.1515625 0.25859375 0.25 0.26171875
2 0.06875 0.26328125 0.07421875 0.06484375
2 0.1265625 0.26171875 0.040625 0.0625
2 0.2359375 0.40859375 0.08671875 0.1296875
2 0.115625 0.421875 0.1734375 0.11796875
2 0.271875 0.51171875 0.1921875 0.071875
2 0.3140625 0.571875 0.13203125 0.0484375
2 0.27421875 0.83984375 0.23046875 0.24296875
2 0.33203125 0.68984375 0.115625 0.071875
2 0.2171875 0.6921875 0.1078125 0.0625
1 0.8921875 0.4703125 0.0625 0.021875
1 0.90234375 0.12734375 0.07421875 0.0140625
2 0.8890625 0.084375 0.125 0.09609375
2 0.85 0.17890625 0.209375 0.18515625
2 0.6 0.08515625 0.19453125 0.084375
2 0.57421875 0.25234375 0.28828125 0.34609375
2 0.6703125 0.37890625 0.04296875 0.06953125
2 0.5296875 0.4125 0.1421875 0.103125
2 0.646875 0.43984375 0.09140625 0.053125
2 0.671875 0.51328125 0.05546875 0.0796875
2 0.59375 0.515625 0.1109375 0.0890625
2 0.803125 0.30546875 0.10546875 0.10078125
2 0.89453125 0.30390625 0.10546875 0.09375
2 0.85 0.41015625 0.2046875 0.13671875
0 0.1703125 0.11875 0.03828125 0.040625
0 0.134375 0.15 0.03828125 0.03125
0 0.1625 0.20078125 0.040625 0.0359375
0 0.08984375 0.18125 0.03125 0.0359375
0 0.0875 0.21875 0.040625 0.03828125
0 0.21484375 0.36640625 0.0359375 0.0265625
0 0.16484375 0.375 0.03125 0.03359375
0 0.2703125 0.56484375 0.03125 0.03828125
0 0.32109375 0.48828125 0.03125 0.03828125
0 0.2234375 0.4890625 0.03359375 0.040625
0 0.59765625 0.12734375 0.040625 0.071875
0 0.63359375 0.38203125 0.040625 0.03359375
0 0.5671875 0.3796875 0.04296875 0.03359375
0 0.6265625 0.428125 0.0359375 0.03359375
0 0.63359375 0.5296875 0.05078125 0.0453125
0 0.6265625 0.484375 0.03125 0.040625
0 0.334375 0.646875 0.03828125 0.04296875
0 0.22109375 0.646875 0.04296875 0.04296875
0 0.8484375 0.12734375 0.04296875 0.071875
0 0.86171875 0.26796875 0.0359375 0.0359375
0 0.8546875 0.2953125 0.0359375 0.03359375
0 0.87265625 0.33671875 0.03359375 0.03828125