2 0.734375 0.7390625 0.1609375 0.146875
2 0.8703125 0.56484375 0.21640625 0.22578125
2 0.9265625 0.39921875 0.084375 0.1109375
1 0.8859375 0.11171875 0.06953125 0.021875
1 0.73828125 0.1140625 0.071875 0.00703125
1 0.55078125 0.11171875 0.08671875 0.01171875
1 0.35 0.1109375 0.07421875 0.0140625
1 0.165625 0.11328125 0.04296875 0.01953125
1 0.084375 0.42578125 0.02421875 0.115625
1 0.890625 0.671875 0.06953125 0.0171875
1 0.553125 0.81015625 0.08671875 0.0140625
1 0.34375 0.80859375 0.0578125 0.0171875
0 0.05859375 0.17890625 0.06953125 0.06953125
2 0.1703125 0.18359375 0.1921875 0.1609375
2 0.1703125 0.446875 0.1921875 0.3890625
2 0.17421875 0.7234375 0.19921875 0.1921875
2 0.35546875 0.7171875 0.2015625 0.18515625
2 0.2984375 0.571875 0.071875 0.125
2 0.39453125 0.56953125 0.115625 0.1296875
2 0.3921875 0.4421875 0.115625 0.1296875
2 0.296875 0.4375 0.06953125 0.1203125
1 0.17421875 0.64296875 0.13203125 0.0171875
2 0.57109375 0.4578125 0.728125 0.78125
2 0.7359375 0.74140625 0.16796875 0.1609375
2 0.89296875 0.225 0.18046875 0.2328125
2 0.73671875 0.2234375 0.18984375 0.2453125
2 0.71171875 0.6078125 0.10078125 0.1109375
0 0.2453125 0.41015625 0.0578125 0.06015625
0 0.24765625 0.71171875 0.071875 0.08203125
0 0.3171875 0.65625 0.0484375 0.0625
0 0.375 0.6625 0.0625 0.084375
0 0.3796875 0.53828125 0.0625 0.071875
0 0.4671875 0.7234375 0.06953125 0.08203125
0 0.7046875 0.7015625 0.071875 0.08671875
0 0.7046875 0.5890625 0.053125 0.0765625
0 0.7984375 0.4828125 0.0484375 0.071875
0 0.86171875 0.4234375 0.06015625 0.071875
0 0.7875 0.31875 0.05546875 0.06953125
0 0.84140625 0.31875 0.0625 0.0796875
1 0.97109375 0.37890625 0.0140625 0.0359375