1 0.51171875 0.54921875 0.1109375 0.0171875
1 0.62109375 0.553125 0.103125 0.03359375
1 0.73671875 0.54921875 0.1078125 0.0265625
1 0.8484375 0.55390625 0.10078125 0.0171875
1 0.92421875 0.7390625 0.03125 0.0453125
1 0.209375 0.62734375 0.10546875 0.0140625
1 0.31640625 0.6265625 0.1078125 0.0171875
1 0.07578125 0.375 0.0265625 0.09609375
1 0.21015625 0.11875 0.103125 0.00703125
1 0.31953125 0.12109375 0.1109375 0.0359375
1 0.69453125 0.046875 0.446875 0.084375
1 0.92890625 0.2328125 0.0265625 0.0484375
1 0.82421875 0.3953125 0.115625 0.0359375
1 0.6046875 0.39453125 0.084375 0.02890625
2 0.21875 0.37265625 0.3078125 0.240625
2 0.3078125 0.078125 0.29296875 0.0890625
2 0.5421875 0.25859375 0.7765625 0.44921875
2 0.50625 0.353125 0.0890625 0.08203125
2 0.61328125 0.353125 0.1109375 0.08203125
2 0.834375 0.27421875 0.178125 0.240625
2 0.71015625 0.35546875 0.07421875 0.071875
0 0.76796875 0.34375 0.06015625 0.03828125
0 0.8484375 0.17578125 0.0484375 0.03828125
0 0.7359375 0.3078125 0.0625 0.03828125
0 0.61328125 0.31484375 0.04296875 0.02421875
0 0.48671875 0.3125 0.040625 0.02421875
0 0.41796875 0.10546875 0.053125 0.03828125
0 0.39921875 0.3578125 0.053125 0.03828125
0 0.4390625 0.35 0.03125 0.0265625
0 0.4390625 0.39921875 0.0359375 0.02421875
0 0.39765625 0.40234375 0.06953125 0.05546875
0 0.1609375 0.4984375 0.16796875 0.06953125
2 0.2984375 0.584375 0.303125 0.1109375
2 0.571875 0.62890625 0.22109375 0.1703125
2 0.796875 0.63359375 0.23828125 0.1703125
2 0.8265625 0.80546875 0.1875 0.2015625
2 0.64453125 0.8640625 0.20703125 0.07421875
2 0.44453125 0.72578125 0.59609375 0.29296875
0 0.65390625 0.6984375 0.053125 0.03125
0 0.71015625 0.70078125 0.040625 0.03125
0 0.734375 0.8125 0.05078125 0.03359375
0 0.64765625 0.8140625 0.0359375 0.0265625
0 0.47734375 0.8171875 0.040625 0.02890625
0 0.42578125 0.821875 0.0578125 0.02890625
0 0.29921875 0.81640625 0.06015625 0.0265625
0 0.17578125 0.82109375 0.053125 0.0359375
2 0.15 0.9375 0.17578125 0.08671875
0 0.1765625 0.90859375 0.05078125 0.02890625
2 0.1515625 0.83671875 0.16796875 0.115625
2 0.29921875 0.90234375 0.12734375 0.1609375
2 0.38671875 0.865625 0.1109375 0.0578125
2 0.49765625 0.86171875 0.09609375 0.0796875
0 0.41015625 0.61796875 0.06015625 0.04296875