1 0.5140625 0.56875 0.1109375 0.0359375
1 0.6234375 0.571875 0.103125 0.02890625
1 0.740625 0.56953125 0.10546875 0.01953125
1 0.853125 0.5734375 0.10546875 0.0265625
1 0.92890625 0.7609375 0.03125 0.0453125
1 0.209375 0.64921875 0.1109375 0.0140625
1 0.3171875 0.646875 0.10546875 0.02421875
1 0.0765625 0.39453125 0.03359375 0.09609375
1 0.21015625 0.1359375 0.103125 0.01171875
1 0.32109375 0.13828125 0.11328125 0.021875
1 0.696875 0.0640625 0.4421875 0.103125
1 0.93359375 0.2515625 0.03125 0.0453125
1 0.8296875 0.41484375 0.115625 0.040625
1 0.6078125 0.41328125 0.08671875 0.01953125
2 0.2171875 0.390625 0.290625 0.209375
2 0.30859375 0.09609375 0.2953125 0.10078125
2 0.54296875 0.2765625 0.821875 0.5484375
2 0.509375 0.37265625 0.08671875 0.08203125
2 0.615625 0.37265625 0.1109375 0.08671875
2 0.8375 0.2921875 0.19453125 0.25234375
2 0.7140625 0.37265625 0.0765625 0.071875
0 0.771875 0.36328125 0.0625 0.04296875
0 0.85234375 0.19375 0.05078125 0.040625
0 0.7390625 0.32578125 0.06015625 0.03125
0 0.615625 0.33203125 0.04296875 0.02421875
0 0.48828125 0.33046875 0.03828125 0.0265625
0 0.41953125 0.125 0.06015625 0.0484375
0 0.4 0.3765625 0.05078125 0.0359375
0 0.44140625 0.3703125 0.03125 0.02421875
0 0.44140625 0.41796875 0.0359375 0.02421875
0 0.39921875 0.4234375 0.0671875 0.053125
0 0.1609375 0.51796875 0.16796875 0.06484375
2 0.2984375 0.6046875 0.303125 0.0984375
2 0.57421875 0.64921875 0.2359375 0.1875
2 0.80078125 0.65390625 0.2453125 0.1875
2 0.83046875 0.8265625 0.1703125 0.1875
2 0.646875 0.8859375 0.20703125 0.1078125
2 0.44453125 0.74609375 0.59609375 0.31015625
0 0.65625 0.71875 0.053125 0.02890625
0 0.7125 0.72109375 0.040625 0.03359375
0 0.73828125 0.834375 0.0484375 0.03359375
0 0.6515625 0.83515625 0.04296875 0.03125
0 0.4796875 0.8375 0.040625 0.03125
0 0.4265625 0.8421875 0.06015625 0.0359375
0 0.29921875 0.83671875 0.06015625 0.02890625
0 0.17578125 0.84140625 0.053125 0.03359375
2 0.14921875 0.95546875 0.178125 0.0890625
0 0.178125 0.93046875 0.0484375 0.02421875
2 0.15 0.8578125 0.1703125 0.1203125
2 0.2984375 0.92265625 0.121875 0.1546875
2 0.38828125 0.88671875 0.1078125 0.0625
2 0.4984375 0.88359375 0.09375 0.0796875
0 0.4109375 0.63671875 0.0625 0.04296875