1 0.5046875 0.54296875 0.10546875 0.02421875
1 0.61328125 0.546875 0.10546875 0.03125
1 0.728125 0.5453125 0.10546875 0.01953125
1 0.84140625 0.5484375 0.10546875 0.02421875
1 0.915625 0.734375 0.02890625 0.0453125
1 0.2015625 0.62109375 0.10546875 0.0171875
1 0.30859375 0.62109375 0.103125 0.021875
1 0.06875 0.3703125 0.0359375 0.09609375
1 0.2015625 0.11328125 0.10078125 0.02421875
1 0.3125 0.115625 0.1109375 0.03359375
1 0.6859375 0.040625 0.44921875 0.04296875
1 0.9234375 0.22734375 0.02890625 0.0453125
1 0.8171875 0.3890625 0.115625 0.04296875
1 0.59609375 0.38828125 0.08671875 0.0265625
2 0.209375 0.36640625 0.303125 0.2234375
2 0.29921875 0.071875 0.2953125 0.1203125
2 0.53359375 0.25234375 0.7984375 0.490625
2 0.49765625 0.3484375 0.09140625 0.08203125
2 0.6046875 0.3484375 0.1078125 0.08203125
2 0.82578125 0.26953125 0.18046875 0.2453125
2 0.703125 0.3484375 0.06953125 0.0671875
0 0.76171875 0.3390625 0.0578125 0.03359375
0 0.83984375 0.1703125 0.05078125 0.03828125
0 0.72734375 0.3015625 0.06484375 0.040625
0 0.6046875 0.3078125 0.040625 0.02890625
0 0.478125 0.30625 0.03828125 0.0265625
0 0.4109375 0.10078125 0.0578125 0.0484375
0 0.390625 0.35234375 0.05078125 0.0359375
0 0.43125 0.34375 0.03125 0.02421875
0 0.43125 0.39296875 0.0359375 0.0265625
0 0.3921875 0.39765625 0.0671875 0.05078125
0 0.15390625 0.49296875 0.1734375 0.071875
2 0.28984375 0.5796875 0.30078125 0.10078125
2 0.56484375 0.6234375 0.23046875 0.18515625
2 0.78828125 0.62734375 0.2453125 0.1875
2 0.81875 0.79921875 0.18515625 0.19921875
2 0.6359375 0.859375 0.209375 0.0984375
2 0.43515625 0.72109375 0.59140625 0.22109375
0 0.6453125 0.6921875 0.05546875 0.03828125
0 0.7015625 0.69453125 0.03828125 0.02890625
0 0.72734375 0.8078125 0.05078125 0.03359375
0 0.640625 0.80859375 0.0359375 0.0265625
0 0.4703125 0.8109375 0.040625 0.03125
0 0.4171875 0.81640625 0.06015625 0.0265625
0 0.290625 0.81015625 0.0578125 0.02890625
0 0.16796875 0.81484375 0.053125 0.03359375
2 0.1421875 0.93125 0.178125 0.0984375
0 0.16796875 0.90234375 0.0484375 0.0265625
2 0.14453125 0.83046875 0.1828125 0.1421875
2 0.2921875 0.89765625 0.13671875 0.165625
2 0.3796875 0.8609375 0.10546875 0.0578125
2 0.4890625 0.85546875 0.0890625 0.0765625
0 0.4015625 0.61171875 0.0625 0.0453125