2 0.53515625 0.7640625 0.0796875 0.115625
1 0.359375 0.82421875 0.07421875 0.0140625
1 0.65 0.8296875 0.103125 0.009375
1 0.303125 0.1609375 0.053125 0.009375
1 0.38125 0.1578125 0.0890625 0.01171875
1 0.52890625 0.1578125 0.0625 0.00703125
1 0.61328125 0.15625 0.08203125 0.0140625
1 0.69140625 0.15859375 0.06015625 0.009375
2 0.50390625 0.0875 0.4640625 0.12734375
2 0.6109375 0.3015625 0.240625 0.2859375
2 0.59765625 0.48203125 0.0984375 0.18046875
2 0.69453125 0.44375 0.0765625 0.0984375
2 0.69375 0.5609375 0.07421875 0.11796875
2 0.6546875 0.703125 0.1515625 0.24296875
0 0.4640625 0.134375 0.0484375 0.08203125
0 0.6765625 0.36796875 0.0453125 0.0671875
0 0.51953125 0.43125 0.04296875 0.06015625
0 0.5296875 0.49765625 0.05546875 0.0625
0 0.63828125 0.5296875 0.040625 0.05078125
0 0.51796875 0.678125 0.0453125 0.0625
0 0.55625 0.6671875 0.05078125 0.06015625
0 0.52265625 0.859375 0.06015625 0.084375
2 0.4234375 0.48671875 0.303125 0.6703125