2 0.140625 0.33046875 0.1421875 0.42578125
2 0.53125 0.4 0.60078125 0.53125
2 0.75390625 0.58046875 0.1609375 0.18984375
2 0.36796875 0.64921875 0.26953125 0.3171875
2 0.540625 0.74140625 0.071875 0.11796875
0 0.24375 0.44140625 0.07421875 0.06953125
0 0.44375 0.56875 0.06953125 0.0796875
0 0.540625 0.63671875 0.0578125 0.0765625
0 0.6421875 0.6203125 0.0671875 0.0765625
0 0.6296875 0.72265625 0.0484375 0.0984375
1 0.21875 0.2609375 0.01953125 0.18046875
1 0.21875 0.63828125 0.01953125 0.18046875
1 0.709375 0.1234375 0.1296875 0.021875