1 0.04453125 0.24609375 0.05546875 0.25703125
1 0.0421875 0.61640625 0.0453125 0.228125
1 0.828125 0.2046875 0.040625 0.28828125
2 0.6203125 0.26171875 0.428125 0.45703125
2 0.8890625 0.24296875 0.196875 0.4375
2 0.2359375 0.24609375 0.40859375 0.44453125
2 0.39453125 0.65859375 0.2546875 0.40390625
2 0.3140625 0.7140625 0.1078125 0.27421875
2 0.1515625 0.6578125 0.28828125 0.43046875
0 0.31640625 0.40390625 0.06484375 0.1109375
0 0.23671875 0.5171875 0.06953125 0.10078125
0 0.32578125 0.53515625 0.05546875 0.103125
0 0.4890625 0.49765625 0.06953125 0.1109375
0 0.4640625 0.86640625 0.09140625 0.2140625
0 0.8265625 0.39921875 0.125 0.115625