1 0.025 0.2203125 0.05 0.26875
1 0.021875 0.60703125 0.03828125 0.23828125
1 0.83671875 0.1765625 0.03359375 0.30078125
2 0.61953125 0.24375 0.4703125 0.4875
2 0.89921875 0.2234375 0.178125 0.446875
2 0.21875 0.22734375 0.4328125 0.4546875
2 0.38671875 0.65 0.2984375 0.43515625
2 0.30390625 0.7078125 0.13203125 0.290625
2 0.1359375 0.64765625 0.271875 0.44453125
0 0.30625 0.38671875 0.07421875 0.1203125
0 0.2234375 0.50390625 0.08203125 0.1078125
0 0.31640625 0.521875 0.07421875 0.1109375
0 0.484375 0.4828125 0.06953125 0.115625
0 0.459375 0.86640625 0.09609375 0.2234375
0 0.83515625 0.38125 0.11796875 0.1078125