1 0.353125 0.2328125 0.009375 0.1296875
1 0.353125 0.4640625 0.009375 0.1109375
1 0.6921875 0.13828125 0.09140625 0.01171875
1 0.2703125 0.7046875 0.01171875 0.10546875
2 0.303125 0.2640625 0.08671875 0.240625
2 0.4546875 0.4828125 0.1921875 0.1875
2 0.4234375 0.68125 0.303125 0.19453125
2 0.73671875 0.63359375 0.0984375 0.13671875
2 0.73671875 0.48203125 0.0984375 0.146875
2 0.571875 0.4203125 0.4328125 0.5578125
0 0.3546875 0.3265625 0.09375 0.053125
0 0.53515625 0.4265625 0.06015625 0.0453125
0 0.66328125 0.4703125 0.053125 0.0453125
0 0.665625 0.62265625 0.053125 0.0484375
0 0.61640625 0.70703125 0.05078125 0.10078125
0 0.55625 0.6140625 0.05546875 0.05078125