1 0.3390625 0.2390625 0.071875 0.040625
1 0.453125 0.23828125 0.03125 0.03359375
1 0.759375 0.3578125 0.03828125 0.08671875
1 0.75703125 0.5421875 0.02421875 0.084375
1 0.759375 0.67578125 0.04296875 0.10546875
2 0.65390625 0.12265625 0.178125 0.21171875
2 0.49375 0.52265625 0.540625 0.56953125
2 0.46171875 0.5046875 0.125 0.26953125
2 0.4625 0.3078125 0.103125 0.125
0 0.44140625 0.64453125 0.07421875 0.134375
0 0.30078125 0.8078125 0.08203125 0.16328125
0 0.65390625 0.23828125 0.0578125 0.14453125
0 0.44140625 0.39296875 0.0359375 0.06015625