1 0.334375 0.23828125 0.071875 0.03828125
1 0.44921875 0.2359375 0.03359375 0.03828125
1 0.7640625 0.359375 0.02890625 0.0890625
1 0.76171875 0.5484375 0.04296875 0.08671875
1 0.7640625 0.68515625 0.053125 0.1109375
2 0.6546875 0.11796875 0.1609375 0.20703125
2 0.49140625 0.52890625 0.5984375 0.625
2 0.459375 0.509375 0.125 0.27890625
2 0.46015625 0.3078125 0.11328125 0.1296875
0 0.4390625 0.65390625 0.0796875 0.1390625
0 0.29296875 0.81953125 0.0671875 0.16328125
0 0.65625 0.23671875 0.0484375 0.146875
0 0.4375 0.3953125 0.0484375 0.06484375