2 0.25078125 0.13671875 0.5015625 0.2734375
1 0.1109375 0.24765625 0.125 0.02421875
1 0.38203125 0.24609375 0.1296875 0.0359375
1 0.6078125 0.24609375 0.134375 0.0453125
1 0.8890625 0.24765625 0.125 0.03359375
1 0.67421875 0.80546875 0.0359375 0.01953125
2 0.90390625 0.90234375 0.1828125 0.19453125
2 0.95078125 0.7140625 0.0890625 0.1390625
2 0.7484375 0.7765625 0.09375 0.04296875
2 0.73203125 0.90234375 0.17578125 0.19453125
2 0.74765625 0.5265625 0.5046875 0.59609375
2 0.36328125 0.71640625 0.2453125 0.1921875
2 0.40234375 0.61796875 0.15625 0.125
2 0.08046875 0.578125 0.11796875 0.12265625
2 0.13359375 0.65625 0.23828125 0.29296875
2 0.36328125 0.4390625 0.29296875 0.4015625
2 0.1296875 0.3796875 0.2453125 0.27421875
2 0.1453125 0.165625 0.28125 0.178125
2 0.6515625 0.17421875 0.27421875 0.1609375
0 0.2046875 0.24765625 0.08203125 0.1390625
0 0.20546875 0.4828125 0.05546875 0.0625
0 0.271875 0.5515625 0.071875 0.06484375
0 0.165625 0.57109375 0.0625 0.05078125
0 0.22265625 0.7125 0.06015625 0.05546875
0 0.3640625 0.703125 0.05546875 0.06484375
0 0.7125 0.25 0.0890625 0.1390625
0 0.87734375 0.61640625 0.0625 0.07421875
0 0.8859375 0.7125 0.06953125 0.06015625
0 0.75859375 0.72109375 0.06484375 0.0671875
0 0.7546875 0.83671875 0.0671875 0.0765625
0 0.78515625 0.92890625 0.07421875 0.06484375