1 0.0421875 0.20703125 0.06484375 0.1875
1 0.04296875 0.6078125 0.0859375 0.3125
1 0.9484375 0.57421875 0.05546875 0.178125
1 0.86640625 0.23671875 0.06953125 0.21875
2 0.91484375 0.18984375 0.1421875 0.3265625
2 0.78515625 0.5296875 0.334375 0.31953125
2 0.334375 0.59140625 0.14921875 0.15390625
2 0.14765625 0.62890625 0.18984375 0.46875
2 0.234375 0.20546875 0.3578125 0.3578125
2 0.55078125 0.35703125 0.7015625 0.7140625
0 0.2859375 0.3390625 0.08203125 0.10546875
0 0.2125 0.46484375 0.06953125 0.0796875
0 0.3171875 0.478125 0.0625 0.08203125
0 0.47109375 0.6859375 0.10078125 0.209375
0 0.65859375 0.634375 0.0765625 0.08671875
0 0.83671875 0.08046875 0.10078125 0.1078125