1 0.04296875 0.2125 0.0578125 0.18984375
1 0.0453125 0.6109375 0.090625 0.309375
1 0.94453125 0.5796875 0.0578125 0.178125
1 0.86328125 0.24296875 0.02890625 0.22578125
2 0.9109375 0.196875 0.10078125 0.3265625
2 0.78125 0.5359375 0.321875 0.3078125
2 0.334375 0.59609375 0.14921875 0.15390625
2 0.14765625 0.63203125 0.19453125 0.46640625
2 0.234375 0.2125 0.3578125 0.3578125
2 0.54921875 0.36328125 0.7140625 0.72578125
0 0.2859375 0.34375 0.0765625 0.10078125
0 0.21171875 0.4703125 0.0765625 0.084375
0 0.3171875 0.484375 0.0578125 0.0796875
0 0.4703125 0.68984375 0.11796875 0.21171875
0 0.65625 0.6390625 0.0625 0.0765625
0 0.8328125 0.0875 0.09375 0.1078125