2 0.3390625 0.0890625 0.41328125 0.10546875
1 0.29453125 0.146875 0.2328125 0.0140625
1 0.70703125 0.14765625 0.240625 0.01171875
1 0.71875 0.915625 0.25 0.009375
1 0.23671875 0.915625 0.1515625 0.009375
2 0.71484375 0.31953125 0.30078125 0.33671875
2 0.34609375 0.32109375 0.41328125 0.34375
2 0.25234375 0.5578125 0.240625 0.115625
2 0.2515625 0.7640625 0.24765625 0.28828125
2 0.71484375 0.75625 0.2953125 0.31015625
2 0.7703125 0.5484375 0.19453125 0.09609375
2 0.52734375 0.65390625 0.290625 0.3125
0 0.46015625 0.1453125 0.0984375 0.11328125
0 0.44609375 0.47734375 0.09375 0.06015625
0 0.609375 0.47265625 0.0984375 0.06015625
0 0.6390625 0.5484375 0.0765625 0.04296875
0 0.4046875 0.553125 0.0890625 0.0484375
0 0.41015625 0.696875 0.103125 0.0578125
0 0.44375 0.79296875 0.103125 0.0625
0 0.4484375 0.9375 0.1078125 0.0671875