1 0.271875 0.24375 0.1734375 0.05078125
1 0.7640625 0.24140625 0.20703125 0.06484375
2 0.27734375 0.38671875 0.4203125 0.29296875
2 0.171875 0.5890625 0.18515625 0.15859375
2 0.36796875 0.59140625 0.2359375 0.1875
2 0.58671875 0.5515625 0.75 0.67578125
2 0.70546875 0.13203125 0.42578125 0.196875
0 0.6109375 0.24609375 0.1390625 0.228125
0 0.52890625 0.38671875 0.134375 0.115625
0 0.29296875 0.615625 0.09609375 0.09140625
0 0.36796875 0.696875 0.08203125 0.0765625
0 0.4046875 0.84765625 0.1515625 0.2328125