1 0.32578125 0.8234375 0.0796875 0.0265625
1 0.3546875 0.19375 0.13203125 0.0453125
1 0.51171875 0.3109375 0.02890625 0.11328125
1 0.88203125 0.19609375 0.14453125 0.05078125
1 0.50703125 0.490625 0.02421875 0.0484375
1 0.50859375 0.5765625 0.0171875 0.0578125
1 0.50703125 0.7359375 0.02890625 0.1203125
2 0.0765625 0.12578125 0.153125 0.1421875
2 0.36328125 0.34375 0.21640625 0.303125
2 0.390625 0.55859375 0.12734375 0.1421875
2 0.3609375 0.7234375 0.1734375 0.1875
2 0.303125 0.55546875 0.0578125 0.1296875
2 0.140625 0.61796875 0.28125 0.41328125
2 0.14296875 0.31640625 0.2859375 0.2765625
2 0.2140625 0.125 0.1296875 0.134375
2 0.6234375 0.3296875 0.2328125 0.259375
2 0.6515625 0.13671875 0.27421875 0.10546875
2 0.63671875 0.7234375 0.26953125 0.23046875
2 0.82421875 0.89453125 0.22109375 0.14453125
2 0.78984375 0.77890625 0.07421875 0.08671875
2 0.59609375 0.5734375 0.16328125 0.0984375
2 0.74375 0.51171875 0.51171875 0.65859375
0 0.75625 0.17421875 0.0359375 0.06015625
0 0.7140625 0.38359375 0.04296875 0.05546875
0 0.68984375 0.584375 0.04296875 0.0484375
0 0.796875 0.7171875 0.0359375 0.05546875
0 0.740625 0.7046875 0.04296875 0.053125
0 0.78984375 0.84765625 0.0359375 0.06484375
0 0.3640625 0.646875 0.040625 0.053125
0 0.25625 0.77890625 0.040625 0.053125
0 0.25625 0.5578125 0.0453125 0.0484375
0 0.28828125 0.45703125 0.053125 0.0578125
0 0.2359375 0.39765625 0.03828125 0.05078125
0 0.22734375 0.171875 0.03125 0.05546875
0 0.1671875 0.1296875 0.040625 0.03828125