1 0.00625 0.2921875 0.01171875 0.11328125
1 0.009375 0.51171875 0.01875 0.1390625
1 0.009375 0.69765625 0.01875 0.1140625
1 0.3390625 0.80078125 0.0765625 0.02421875
1 0.365625 0.19140625 0.1296875 0.0265625
1 0.5171875 0.30390625 0.0140625 0.11328125
1 0.8765625 0.1921875 0.1421875 0.03828125
1 0.51328125 0.478125 0.021875 0.04296875
1 0.5140625 0.56015625 0.02421875 0.0578125
1 0.51328125 0.71640625 0.0171875 0.115625
2 0.0875 0.1265625 0.175 0.146875
2 0.3734375 0.33671875 0.18984375 0.28359375
2 0.4 0.54296875 0.11328125 0.134375
2 0.37109375 0.7046875 0.18984375 0.196875
2 0.31484375 0.540625 0.071875 0.134375
2 0.14921875 0.603125 0.28828125 0.39921875
2 0.14921875 0.30859375 0.2984375 0.271875
2 0.2296875 0.12265625 0.12734375 0.1296875
2 0.6265625 0.321875 0.21875 0.25
2 0.65234375 0.13359375 0.271875 0.15625
2 0.63828125 0.703125 0.25234375 0.209375
2 0.82109375 0.86875 0.2234375 0.1609375
2 0.7875 0.75703125 0.06953125 0.08203125
2 0.5984375 0.55859375 0.15859375 0.103125
2 0.7390625 0.4984375 0.521875 0.65625
0 0.7546875 0.171875 0.03828125 0.06015625
0 0.7140625 0.3734375 0.0484375 0.05546875
0 0.69140625 0.56875 0.0359375 0.040625
0 0.79453125 0.6984375 0.0359375 0.05078125
0 0.7390625 0.68515625 0.040625 0.053125
0 0.7875 0.8234375 0.040625 0.06484375
0 0.375 0.6296875 0.04296875 0.053125
0 0.2703125 0.75703125 0.05078125 0.0578125
0 0.2703125 0.54296875 0.040625 0.03828125
0 0.30078125 0.44609375 0.04296875 0.05546875
0 0.25 0.38828125 0.03828125 0.0453125
0 0.24140625 0.16953125 0.040625 0.06015625
0 0.18359375 0.12890625 0.040625 0.040625