2 0.39921875 0.1390625 0.09609375 0.0484375
2 0.61328125 0.13671875 0.10078125 0.053125
2 0.8265625 0.1390625 0.10078125 0.053125
2 0.08203125 0.3265625 0.03359375 0.15390625
2 0.0828125 0.5953125 0.0359375 0.12265625
2 0.928125 0.8171875 0.0484375 0.09609375
0 0.7953125 0.7796875 0.2546875 0.290625
0 0.3015625 0.3296875 0.43515625 0.384375
0 0.25234375 0.62890625 0.3125 0.24296875
0 0.540625 0.62890625 0.26953125 0.24765625
0 0.634375 0.36640625 0.29296875 0.43984375
0 0.796875 0.4 0.271875 0.49296875
1 0.56640625 0.1921875 0.05078125 0.0484375
1 0.5671875 0.25390625 0.0484375 0.05546875
1 0.56875 0.328125 0.05078125 0.05078125
1 0.56953125 0.38828125 0.053125 0.05078125
1 0.484375 0.46875 0.05546875 0.0578125
1 0.4546875 0.47578125 0.071875 0.08671875
1 0.3796875 0.5578125 0.0765625 0.08203125
1 0.3390625 0.65390625 0.053125 0.053125
1 0.33671875 0.7140625 0.053125 0.0484375
1 0.45703125 0.7953125 0.08671875 0.10546875
1 0.63828125 0.7140625 0.07421875 0.08671875
1 0.56875 0.5453125 0.05546875 0.0578125
1 0.5921875 0.5484375 0.06953125 0.08203125
1 0.70703125 0.6609375 0.04296875 0.0578125
1 0.7046875 0.6890625 0.0765625 0.0796875
1 0.7546875 0.66328125 0.0484375 0.071875
1 0.890625 0.84765625 0.05078125 0.06015625
1 0.88671875 0.5625 0.053125 0.053125
1 0.81875 0.6109375 0.06484375 0.071875