2 0.4015625 0.1421875 0.10078125 0.0578125
2 0.6203125 0.1390625 0.10078125 0.053125
2 0.83984375 0.14296875 0.0984375 0.040625
2 0.07578125 0.3328125 0.05078125 0.15625
2 0.0765625 0.609375 0.03359375 0.12265625
2 0.94453125 0.8390625 0.04296875 0.09609375
0 0.80859375 0.79921875 0.25234375 0.290625
0 0.30078125 0.3375 0.4421875 0.38671875
0 0.25 0.64453125 0.33671875 0.26953125
0 0.546875 0.64453125 0.28125 0.259375
0 0.64296875 0.3765625 0.2953125 0.44921875
0 0.81015625 0.41015625 0.303125 0.5171875
1 0.5734375 0.196875 0.05546875 0.053125
1 0.57421875 0.259375 0.053125 0.0578125
1 0.57421875 0.33515625 0.0578125 0.05546875
1 0.5765625 0.396875 0.0578125 0.053125
1 0.48828125 0.4796875 0.0484375 0.05546875
1 0.4578125 0.48671875 0.084375 0.09375
1 0.38203125 0.571875 0.0765625 0.08203125
1 0.3390625 0.66953125 0.053125 0.05078125
1 0.3375 0.73046875 0.05546875 0.0484375
1 0.46015625 0.81484375 0.084375 0.10546875
1 0.646875 0.7328125 0.0625 0.08203125
1 0.5765625 0.56015625 0.0484375 0.053125
1 0.6 0.5609375 0.07421875 0.0890625
1 0.71484375 0.678125 0.0453125 0.0578125
1 0.7140625 0.70546875 0.0765625 0.0796875
1 0.7671875 0.68046875 0.053125 0.071875
1 0.90625 0.86796875 0.053125 0.0625
1 0.90390625 0.57578125 0.053125 0.05546875
1 0.83203125 0.6265625 0.0625 0.07421875