2 0.32421875 0.20703125 0.10078125 0.03828125
2 0.53828125 0.20546875 0.10546875 0.040625
2 0.71875 0.203125 0.1109375 0.040625
2 0.96171875 0.24140625 0.02421875 0.0265625
2 0.96171875 0.5171875 0.02890625 0.02421875
2 0.96171875 0.78828125 0.04296875 0.09140625
2 0.4 0.85703125 0.12734375 0.05078125
2 0.1875 0.8609375 0.115625 0.02890625
1 0.5625 0.8890625 0.1109375 0.09609375
1 0.6578125 0.9421875 0.09375 0.0625
1 0.5953125 0.821875 0.06953125 0.0484375
0 0.83046875 0.92578125 0.2671875 0.1390625
0 0.5984375 0.93046875 0.196875 0.1390625
0 0.490625 0.115625 0.95703125 0.22109375
0 0.78125 0.33515625 0.3609375 0.2953125
0 0.6859375 0.51953125 0.12265625 0.10546875
0 0.8484375 0.5171875 0.20703125 0.1203125
0 0.77734375 0.71484375 0.36328125 0.30078125
0 0.15234375 0.7359375 0.28125 0.26953125
0 0.13359375 0.33515625 0.2328125 0.24765625
0 0.1234375 0.51953125 0.18515625 0.1203125
0 0.43125 0.53125 0.4203125 0.65859375
1 0.1390625 0.17890625 0.115625 0.103125
1 0.43125 0.1734375 0.11328125 0.09140625
1 0.29296875 0.42421875 0.1109375 0.0796875
1 0.6609375 0.42890625 0.1203125 0.0796875
1 0.85234375 0.43515625 0.0890625 0.0625
1 0.58046875 0.54453125 0.0796875 0.06015625
1 0.171875 0.43515625 0.09375 0.08203125
1 0.234375 0.7234375 0.09375 0.071875