2 0.34765625 0.17421875 0.103125 0.0359375
2 0.56484375 0.171875 0.10546875 0.0453125
2 0.74765625 0.1703125 0.1109375 0.02421875
2 0.9890625 0.2078125 0.021875 0.0265625
2 0.9890625 0.4890625 0.021875 0.0265625
2 0.98671875 0.765625 0.0265625 0.09375
2 0.4234375 0.83671875 0.1296875 0.03828125
2 0.209375 0.83984375 0.115625 0.03125
1 0.5890625 0.86875 0.1109375 0.0984375
1 0.68515625 0.9234375 0.09140625 0.053125
1 0.62265625 0.80078125 0.0671875 0.053125
0 0.86171875 0.90390625 0.2671875 0.125
0 0.6265625 0.9109375 0.19453125 0.134375
0 0.51328125 0.0875 0.9671875 0.175
0 0.8109375 0.30546875 0.3390625 0.259375
0 0.71484375 0.49140625 0.13203125 0.12265625
0 0.8796875 0.4890625 0.20703125 0.11796875
0 0.8078125 0.6921875 0.35546875 0.28359375
0 0.1734375 0.7125 0.28828125 0.271875
0 0.15234375 0.30546875 0.24296875 0.2546875
0 0.14296875 0.49140625 0.18984375 0.12734375
0 0.45546875 0.5046875 0.42578125 0.66328125
1 0.1578125 0.1453125 0.1078125 0.0890625
1 0.45546875 0.140625 0.11328125 0.09375
1 0.31640625 0.3953125 0.103125 0.06953125
1 0.68984375 0.4 0.115625 0.06484375
1 0.88359375 0.40625 0.09375 0.071875
1 0.6078125 0.5171875 0.08203125 0.0625
1 0.1921875 0.4078125 0.09140625 0.0796875
1 0.2546875 0.70078125 0.10078125 0.0796875