2 0.14296875 0.2453125 0.084375 0.3078125
2 0.0734375 0.7671875 0.0265625 0.196875
2 0.97109375 0.80625 0.02421875 0.12265625
2 0.97109375 0.5375 0.01953125 0.18984375
2 0.9734375 0.25390625 0.04296875 0.18984375
0 0.08203125 0.2984375 0.10078125 0.509375
0 0.234375 0.7671875 0.3578125 0.39921875
0 0.4375 0.65625 0.1109375 0.1390625
0 0.4390625 0.8390625 0.0890625 0.1921875
0 0.5671875 0.13203125 0.15859375 0.196875
0 0.56015625 0.30546875 0.15390625 0.1734375
0 0.803125 0.20546875 0.384375 0.396875
0 0.69375 0.76171875 0.18515625 0.35546875
0 0.55390625 0.4890625 0.8921875 0.9734375
1 0.665625 0.3421875 0.0765625 0.13671875
1 0.55546875 0.4390625 0.0578125 0.11328125
1 0.140625 0.475 0.1609375 0.12734375
1 0.6609375 0.53359375 0.071875 0.1109375
1 0.2796875 0.6296875 0.0796875 0.125
1 0.41328125 0.63671875 0.0625 0.08203125
1 0.46484375 0.634375 0.05546875 0.08671875
1 0.46484375 0.7859375 0.06015625 0.09140625
1 0.55390625 0.884375 0.07421875 0.15390625