2 0.15859375 0.2453125 0.04296875 0.3171875
2 0.0875 0.7703125 0.05546875 0.19453125
2 0.98515625 0.8078125 0.0296875 0.121875
2 0.98203125 0.53828125 0.0359375 0.1875
2 0.984375 0.25390625 0.03125 0.18984375
0 0.0953125 0.29921875 0.13203125 0.5171875
0 0.25 0.7703125 0.33203125 0.38203125
0 0.4546875 0.6609375 0.1109375 0.1390625
0 0.4546875 0.84375 0.1109375 0.2015625
0 0.5828125 0.13203125 0.1609375 0.2015625
0 0.5765625 0.30625 0.14921875 0.1703125
0 0.81328125 0.20625 0.3734375 0.39375
0 0.71015625 0.765625 0.18515625 0.3578125
0 0.54453125 0.5 0.9109375 1
1 0.6828125 0.34375 0.08203125 0.1390625
1 0.571875 0.44140625 0.053125 0.11328125
1 0.15625 0.47734375 0.16796875 0.13671875
1 0.678125 0.5359375 0.0625 0.1109375
1 0.2953125 0.63203125 0.0625 0.1203125
1 0.428125 0.6390625 0.0671875 0.08671875
1 0.48046875 0.63671875 0.0578125 0.08203125
1 0.48046875 0.78828125 0.0578125 0.09140625
1 0.56953125 0.8890625 0.10078125 0.16328125